station,valid,skyc1,skyc2,skyc3,skyl1,skyl2,skyl3
FVJN,2018-10-29 15:00,,,,,,
FVJN,2018-10-30 03:00,,,,,,
FVJN,2018-10-30 04:00,,,,,,
FVJN,2018-10-30 06:00,,,,,,
FVJN,2018-10-31 07:00,,,,,,
FVJN,2018-10-31 12:00,,,,,,
FVJN,2018-11-01 07:00,,,,,,
FVJN,2018-11-01 09:00,,,,,,
FVJN,2018-11-01 11:00,,,,,,
FVJN,2018-11-01 16:00,,,,,,
FVJN,2018-11-01 17:00,,,,,,
FVJN,2018-11-01 18:00,,,,,,
FVJN,2018-11-02 04:00,,,,,,
FVJN,2018-11-02 05:00,,,,,,
FVJN,2018-11-02 06:00,,,,,,
FVJN,2018-11-02 08:00,,,,,,
FVJN,2018-11-02 09:00,,,,,,
FVJN,2018-11-02 10:00,,,,,,
FVJN,2018-11-02 16:00,,,,,,
FVJN,2018-11-03 06:00,OVC,,,1500.00,,
FVJN,2018-11-03 08:00,BKN,,,2000.00,,
FVJN,2018-11-03 12:00,BKN,,,3000.00,,
FVJN,2018-11-03 15:00,FEW,,,3000.00,,
FVJN,2018-11-04 04:00,FEW,BKN,,1000.00,30000.00,
FVJN,2018-11-04 06:00,,,,,,
FVJN,2018-11-04 10:00,,,,,,
FVJN,2018-11-06 07:00,,,,,,
FVJN,2018-11-06 09:00,,,,,,
FVJN,2018-11-06 10:00,,,,,,
FVJN,2018-11-06 15:00,FEW,SCT,BKN,5000.00,6000.00,9000.00
FVJN,2018-11-06 16:00,FEW,BKN,,5000.00,9000.00,
FVJN,2018-11-06 17:00,FEW,BKN,,5000.00,9000.00,
FVJN,2018-11-06 18:00,BKN,,,9000.00,,
FVJN,2018-11-07 03:00,,,,,,
FVJN,2018-11-07 09:00,FEW,BKN,,4000.00,30000.00,
FVJN,2018-11-07 10:00,FEW,BKN,,4500.00,30000.00,
FVJN,2018-11-07 11:00,,,,,,
FVJN,2018-11-07 15:00,BKN,,,4000.00,,
FVJN,2018-11-07 17:00,BKN,,,4000.00,,
FVJN,2018-11-08 04:00,BKN,,,600.00,,
FVJN,2018-11-08 06:00,OVC,,,800.00,,
FVJN,2018-11-08 07:00,BKN,,,800.00,,
FVJN,2018-11-08 09:00,BKN,,,2000.00,,
FVJN,2018-11-08 17:00,,,,,,
FVJN,2018-11-09 03:00,BKN,,,800.00,,
FVJN,2018-11-10 07:00,,,,,,
FVJN,2018-11-10 08:00,,,,,,
FVJN,2018-11-10 09:00,,,,,,
FVJN,2018-11-10 15:00,,,,,,
FVJN,2018-11-10 17:00,,,,,,
FVJN,2018-11-10 18:00,,,,,,
FVJN,2018-11-11 03:00,,,,,,
FVJN,2018-11-11 05:00,,,,,,
FVJN,2018-11-11 08:00,,,,,,
FVJN,2018-11-11 10:00,,,,,,
FVJN,2018-11-11 11:00,,,,,,
FVJN,2018-11-11 12:00,,,,,,
FVJN,2018-11-11 13:00,,,,,,
FVJN,2018-11-11 14:00,,,,,,
FVJN,2018-11-11 15:00,,,,,,
FVJN,2018-11-11 17:00,,,,,,
FVJN,2018-11-11 18:00,,,,,,
FVJN,2018-11-12 03:00,,,,,,
FVJN,2018-11-12 05:00,,,,,,
FVJN,2018-11-12 06:00,,,,,,
FVJN,2018-11-12 07:00,,,,,,
FVJN,2018-11-12 10:00,,,,,,
FVJN,2018-11-12 14:00,,,,,,
FVJN,2018-11-12 17:00,,,,,,
FVJN,2018-11-13 03:00,,,,,,
FVJN,2018-11-13 07:00,,,,,,
FVJN,2018-11-13 08:00,,,,,,
FVJN,2018-11-13 14:00,,,,,,
FVJN,2018-11-13 15:00,,,,,,
FVJN,2018-11-13 16:00,,,,,,
FVJN,2018-11-15 05:00,,,,,,
FVJN,2018-11-15 06:00,,,,,,
FVJN,2018-11-15 09:00,,,,,,
FVJN,2018-11-15 10:00,,,,,,
FVJN,2018-11-15 12:00,,,,,,
FVJN,2018-11-16 10:00,,,,,,
FVJN,2018-11-17 04:00,,,,,,
FVJN,2018-11-17 08:00,,,,,,
FVJN,2018-11-17 09:00,,,,,,
FVJN,2018-11-17 15:00,FEW,SCT,BKN,5000.00,6000.00,9000.00
FVJN,2018-11-17 16:00,FEW,SCT,,5000.00,9000.00,
FVJN,2018-11-18 03:00,,,,,,
FVJN,2018-11-18 14:00,,,,,,
FVJN,2018-11-18 15:00,,,,,,
FVJN,2018-11-19 03:00,,,,,,
FVJN,2018-11-19 05:00,FEW,,,1000.00,,
FVJN,2018-11-19 07:00,FEW,,,1800.00,,
FVJN,2018-11-20 08:00,,,,,,
FVJN,2018-11-21 10:00,,,,,,
FVJN,2018-11-22 06:00,,,,,,
FVJN,2018-11-22 10:00,,,,,,
FVJN,2018-11-22 16:00,FEW,BKN,,6000.00,10000.00,
FVJN,2018-11-25 13:00,,,,,,
FVJN,2018-11-25 14:00,,,,,,
FVJN,2018-11-25 17:00,,,,,,
FVJN,2018-11-26 04:00,,,,,,
FVJN,2018-11-26 09:00,,,,,,
FVJN,2018-11-26 12:00,SCT,BKN,,6000.00,30000.00,
FVJN,2018-11-27 13:00,FEW,SCT,,5000.00,6000.00,
FVJN,2018-11-28 04:00,,,,,,
FVJN,2018-11-29 12:00,BKN,SCT,,1800.00,30000.00,
FVJN,2018-11-29 15:00,BKN,,,1500.00,,
FVJN,2018-11-29 18:00,BKN,,,600.00,,
FVJN,2018-11-30 03:00,OVC,,,500.00,,
FVJN,2018-11-30 04:00,OVC,,,500.00,,
FVJN,2018-11-30 17:00,,,,,,
FVJN,2018-12-01 03:00,,,,,,
FVJN,2018-12-02 18:00,,,,,,
FVJN,2018-12-04 03:00,FEW,BKN,,4000.00,8000.00,
FVJN,2018-12-04 04:00,FEW,BKN,,4000.00,8000.00,
FVJN,2018-12-04 05:00,,,,,,
FVJN,2018-12-04 06:00,FEW,BKN,,4000.00,9000.00,
FVJN,2018-12-04 07:00,FEW,BKN,,4000.00,9000.00,
FVJN,2018-12-05 05:00,,,,,,
FVJN,2018-12-05 12:00,FEW,BKN,,5000.00,6000.00,
FVJN,2018-12-05 15:00,FEW,BKN,,5000.00,8000.00,
FVJN,2018-12-05 18:00,FEW,BKN,,5000.00,8000.00,
FVJN,2018-12-06 03:00,,,,,,
FVJN,2018-12-06 06:00,,,,,,
FVJN,2018-12-06 15:00,FEW,SCT,,5000.00,6000.00,
FVJN,2018-12-07 03:00,,,,,,
FVJN,2018-12-07 15:00,FEW,SCT,BKN,5000.00,6000.00,30000.00
FVJN,2018-12-07 16:00,FEW,SCT,BKN,5000.00,6000.00,30000.00
FVJN,2018-12-07 18:00,FEW,BKN,,5000.00,30000.00,
FVJN,2018-12-08 03:00,,,,,,
FVJN,2018-12-08 05:00,,,,,,
FVJN,2018-12-08 06:00,,,,,,
FVJN,2018-12-08 07:00,,,,,,
FVJN,2018-12-09 08:00,SCT,BKN,,500.00,8000.00,
FVJN,2018-12-09 10:00,FEW,OVC,,500.00,8000.00,
FVJN,2018-12-09 18:00,,,,,,
FVJN,2018-12-10 09:00,FEW,BKN,,3000.00,30000.00,
FVJN,2018-12-10 10:00,FEW,BKN,,3000.00,30000.00,
FVJN,2018-12-10 15:00,FEW,,,4500.00,,
FVJN,2018-12-11 04:00,FEW,BKN,,600.00,8000.00,
FVJN,2018-12-11 06:00,FEW,,,2000.00,,
FVJN,2018-12-11 08:00,FEW,,,3000.00,,
FVJN,2018-12-12 03:00,BKN,,,1000.00,,
FVJN,2018-12-12 04:00,BKN,,,1000.00,,
FVJN,2018-12-12 06:00,FEW,,,2000.00,,
FVJN,2018-12-12 07:00,FEW,,,2500.00,,
FVJN,2018-12-12 08:00,,,,,,
FVJN,2018-12-12 09:00,,,,,,
FVJN,2018-12-13 05:00,,,,,,
FVJN,2018-12-13 06:00,,,,,,
FVJN,2018-12-13 08:00,,,,,,
FVJN,2018-12-13 09:00,,,,,,
FVJN,2018-12-13 10:00,,,,,,
FVJN,2018-12-13 12:00,,,,,,
FVJN,2018-12-13 13:00,,,,,,
FVJN,2018-12-14 05:00,,,,,,
FVJN,2018-12-14 07:00,,,,,,
FVJN,2018-12-14 09:00,,,,,,
FVJN,2018-12-14 10:00,,,,,,
FVJN,2018-12-14 11:00,,,,,,
FVJN,2018-12-14 12:00,,,,,,
FVJN,2018-12-14 13:00,,,,,,
FVJN,2018-12-14 18:00,,,,,,
FVJN,2018-12-15 15:00,,,,,,
FVJN,2018-12-16 03:00,,,,,,
FVJN,2018-12-16 04:00,,,,,,
FVJN,2018-12-16 07:00,,,,,,
FVJN,2018-12-16 13:00,,,,,,
FVJN,2018-12-17 10:00,,,,,,
FVJN,2018-12-17 11:00,,,,,,
FVJN,2018-12-17 13:00,,,,,,
FVJN,2018-12-17 14:00,,,,,,
FVJN,2018-12-18 06:00,,,,,,
FVJN,2018-12-18 14:00,,,,,,
FVJN,2018-12-18 17:00,,,,,,
FVJN,2018-12-19 03:00,,,,,,
FVJN,2018-12-19 09:00,,,,,,
FVJN,2018-12-19 12:00,BKN,,,8000.00,,
FVJN,2018-12-20 12:00,FEW,BKN,,5000.00,6000.00,
FVJN,2018-12-21 09:00,FEW,,,3500.00,,
FVJN,2018-12-22 05:00,SCT,,,1200.00,,
FVJN,2018-12-22 08:00,SCT,,,2500.00,,
FVJN,2018-12-22 10:00,,,,,,
FVJN,2018-12-22 13:00,,,,,,
FVJN,2018-12-22 15:00,,,,,,
FVJN,2018-12-22 17:00,,,,,,
FVJN,2018-12-23 03:00,,,,,,
FVJN,2018-12-23 06:00,,,,,,
FVJN,2018-12-23 07:00,,,,,,
FVJN,2018-12-23 08:00,,,,,,
FVJN,2018-12-23 10:00,,,,,,
FVJN,2018-12-23 13:00,,,,,,
FVJN,2018-12-23 15:00,,,,,,
FVJN,2018-12-24 03:00,,,,,,
FVJN,2018-12-24 04:00,,,,,,
FVJN,2018-12-24 08:00,,,,,,
FVJN,2018-12-24 09:00,,,,,,
FVJN,2018-12-25 09:00,,,,,,
FVJN,2018-12-25 10:00,,,,,,
FVJN,2018-12-25 12:00,BKN,,,7000.00,,
FVJN,2018-12-25 18:00,,,,,,
FVJN,2018-12-26 03:00,,,,,,
FVJN,2018-12-26 04:00,,,,,,
FVJN,2018-12-26 10:00,,,,,,
FVJN,2018-12-26 13:00,,,,,,
FVJN,2018-12-26 16:00,FEW,SCT,,5000.00,8000.00,
FVJN,2018-12-26 17:00,FEW,BKN,,5000.00,8000.00,
FVJN,2018-12-27 03:00,,,,,,
FVJN,2018-12-27 05:00,,,,,,
FVJN,2018-12-29 07:00,BKN,,,1500.00,,
FVJN,2018-12-29 08:00,BKN,,,2000.00,,
FVJN,2018-12-29 12:00,FEW,BKN,BKN,2500.00,3000.00,8000.00
FVJN,2018-12-29 13:00,FEW,BKN,BKN,2500.00,3000.00,8000.00
FVJN,2018-12-29 14:00,FEW,BKN,BKN,2500.00,3000.00,8000.00
FVJN,2018-12-29 17:00,FEW,BKN,,3000.00,30000.00,
FVJN,2018-12-29 18:00,FEW,BKN,,3000.00,30000.00,
FVJN,2018-12-30 04:00,BKN,,,800.00,,
FVJN,2018-12-30 06:00,BKN,,,1600.00,,
FVJN,2018-12-30 13:00,FEW,SCT,,3000.00,4000.00,
FVJN,2018-12-30 18:00,FEW,BKN,,3000.00,9000.00,
FVJN,2018-12-31 03:00,,,,,,
FVJN,2018-12-31 04:00,,,,,,
FVJN,2018-12-31 06:00,FEW,SCT,,2000.00,9000.00,
FVJN,2018-12-31 07:00,BKN,,,2500.00,,
FVJN,2018-12-31 08:00,BKN,,,3000.00,,
FVJN,2018-12-31 09:00,BKN,,,4500.00,,
FVJN,2019-01-01 09:00,SCT,,,4000.00,,
FVJN,2019-01-01 11:00,FEW,BKN,,4000.00,4500.00,
FVJN,2019-01-01 13:00,FEW,SCT,,4000.00,4500.00,
FVJN,2019-01-01 14:00,FEW,SCT,BKN,4000.00,4500.00,9000.00
FVJN,2019-01-01 17:00,FEW,BKN,,4000.00,9000.00,
FVJN,2019-01-02 04:00,,,,,,
FVJN,2019-01-02 05:00,,,,,,
FVJN,2019-01-02 10:00,FEW,SCT,,3000.00,4000.00,
FVJN,2019-01-02 14:00,FEW,SCT,BKN,3000.00,4000.00,9000.00
FVJN,2019-01-03 03:00,,,,,,
FVJN,2019-01-03 04:00,,,,,,
FVJN,2019-01-03 05:00,,,,,,
FVJN,2019-01-03 06:00,FEW,BKN,,1500.00,9000.00,
FVJN,2019-01-03 07:00,BKN,BKN,,1600.00,9000.00,
FVJN,2019-01-04 05:00,BKN,,,1000.00,,
FVJN,2019-01-04 07:00,BKN,,,1000.00,,
FVJN,2019-01-04 08:00,BKN,,,1500.00,,
FVJN,2019-01-04 09:00,BKN,,,1500.00,,
FVJN,2019-01-04 10:00,BKN,,,2000.00,,
FVJN,2019-01-04 11:00,BKN,,,2500.00,,
FVJN,2019-01-04 13:00,FEW,SCT,,2500.00,3000.00,
FVJN,2019-01-04 15:00,FEW,SCT,,2500.00,3000.00,
FVJN,2019-01-04 16:00,FEW,BKN,,2500.00,9000.00,
FVJN,2019-01-05 09:00,SCT,,,3000.00,,
FVJN,2019-01-05 13:00,FEW,BKN,,4500.00,5000.00,
FVJN,2019-01-06 12:00,,,,,,
FVJN,2019-01-07 04:00,FEW,SCT,,1000.00,30000.00,
FVJN,2019-01-07 14:00,,,,,,
FVJN,2019-01-08 05:00,,,,,,
FVJN,2019-01-08 06:00,,,,,,
FVJN,2019-01-08 12:00,FEW,SCT,,4000.00,5000.00,
FVJN,2019-01-09 04:00,,,,,,
FVJN,2019-01-09 05:00,,,,,,
FVJN,2019-01-10 08:00,FEW,BKN,,2500.00,30000.00,
FVJN,2019-01-10 12:00,FEW,SCT,,4500.00,30000.00,
FVJN,2019-01-10 14:00,FEW,BKN,,4500.00,8000.00,
FVJN,2019-01-10 15:00,FEW,BKN,,4500.00,8000.00,
FVJN,2019-01-10 16:00,FEW,BKN,,4500.00,8000.00,
FVJN,2019-01-10 17:00,FEW,BKN,,4500.00,8000.00,
FVJN,2019-01-11 03:00,,,,,,
FVJN,2019-01-11 04:00,,,,,,
FVJN,2019-01-11 08:00,FEW,BKN,,4000.00,30000.00,
FVJN,2019-01-12 03:00,,,,,,
FVJN,2019-01-12 05:00,,,,,,
FVJN,2019-01-13 07:00,,,,,,
FVJN,2019-01-13 10:00,,,,,,
FVJN,2019-01-13 18:00,,,,,,
FVJN,2019-01-14 03:00,,,,,,
FVJN,2019-01-14 08:00,,,,,,
FVJN,2019-01-14 13:00,,,,,,
FVJN,2019-01-17 13:00,,,,,,
FVJN,2019-01-17 18:00,,,,,,
FVJN,2019-01-20 09:00,BKN,,,2000.00,,
FVJN,2019-01-20 10:00,BKN,,,2000.00,,
FVJN,2019-01-20 11:00,BKN,,,2000.00,,
FVJN,2019-01-20 12:00,BKN,,,3000.00,,
FVJN,2019-01-20 13:00,BKN,,,3000.00,,
FVJN,2019-01-20 15:00,SCT,,,3000.00,,
FVJN,2019-01-20 16:00,FEW,,,3000.00,,
FVJN,2019-01-20 17:00,BKN,,,2000.00,,
FVJN,2019-01-21 03:00,BKN,,,1000.00,,
FVJN,2019-01-21 04:00,BKN,,,1000.00,,
FVJN,2019-01-21 05:00,BKN,,,1000.00,,
FVJN,2019-01-21 06:00,SCT,,,1000.00,,
FVJN,2019-01-21 07:00,FEW,,,1800.00,,
FVJN,2019-01-21 15:00,,,,,,
FVJN,2019-01-21 18:00,,,,,,
FVJN,2019-01-22 03:00,,,,,,
FVJN,2019-01-22 05:00,,,,,,
FVJN,2019-01-22 08:00,FEW,BKN,,3500.00,10000.00,
FVJN,2019-01-23 13:00,,,,,,
FVJN,2019-01-23 14:00,,,,,,
FVJN,2019-01-24 05:00,,,,,,
FVJN,2019-01-24 07:00,,,,,,
FVJN,2019-01-24 08:00,,,,,,
FVJN,2019-01-24 10:00,,,,,,
FVJN,2019-01-24 12:00,,,,,,
FVJN,2019-01-24 13:00,,,,,,
FVJN,2019-01-26 04:00,,,,,,
FVJN,2019-01-26 09:00,,,,,,
FVJN,2019-01-26 10:00,,,,,,
FVJN,2019-01-26 12:00,,,,,,
FVJN,2019-01-27 13:00,SCT,,,6000.00,,
FVJN,2019-01-28 03:00,BKN,,,5000.00,,
FVJN,2019-01-28 04:00,SCT,BKN,,1000.00,9000.00,
FVJN,2019-02-03 10:00,,,,,,
FVJN,2019-02-04 05:00,,,,,,
FVJN,2019-02-08 15:00,,,,,,
FVJN,2019-02-08 16:00,,,,,,
FVJN,2019-02-08 17:00,,,,,,
FVJN,2019-02-13 10:00,,,,,,
FVJN,2019-02-13 11:00,,,,,,
FVJN,2019-02-13 13:00,FEW,SCT,,5000.00,6000.00,
FVJN,2019-02-13 14:00,FEW,SCT,,5000.00,6000.00,
FVJN,2019-02-17 06:00,OVC,,,400.00,,
FVJN,2019-02-17 08:00,BKN,BKN,,600.00,8000.00,
FVJN,2019-02-17 09:00,BKN,BKN,,1000.00,8000.00,
FVJN,2019-02-17 10:00,BKN,BKN,,2000.00,8000.00,
FVJN,2019-02-17 15:00,FEW,FEW,,1000.00,2000.00,
FVJN,2019-02-18 03:00,SCT,,,600.00,,
FVJN,2019-02-18 04:00,BKN,,,600.00,,
FVJN,2019-02-18 08:00,FEW,,,2000.00,,
FVJN,2019-02-18 11:00,FEW,,,4000.00,,
FVJN,2019-02-18 12:00,,,,,,
FVJN,2019-02-18 16:00,,,,,,
FVJN,2019-02-19 03:00,,,,,,
FVJN,2019-02-19 05:00,BKN,,,1000.00,,
FVJN,2019-02-19 07:00,BKN,,,1600.00,,
FVJN,2019-02-19 18:00,FEW,,,4000.00,,
FVJN,2019-02-20 07:00,FEW,,,2500.00,,
FVJN,2019-02-20 08:00,FEW,,,3000.00,,
FVJN,2019-02-20 14:00,,,,,,
FVJN,2019-02-20 15:00,,,,,,
FVJN,2019-02-20 16:00,,,,,,
FVJN,2019-02-21 07:00,,,,,,
FVJN,2019-02-21 08:00,,,,,,
FVJN,2019-02-21 13:00,,,,,,
FVJN,2019-02-21 17:00,,,,,,
FVJN,2019-02-21 18:00,,,,,,
FVJN,2019-02-21 19:00,,,,,,
FVJN,2019-02-22 03:00,,,,,,
FVJN,2019-02-22 08:00,FEW,,,3000.00,,
FVJN,2019-02-22 13:00,,,,,,
FVJN,2019-02-22 17:00,,,,,,
FVJN,2019-02-23 11:00,,,,,,
FVJN,2019-02-23 12:00,,,,,,
FVJN,2019-02-23 13:00,,,,,,
FVJN,2019-02-23 16:00,,,,,,
FVJN,2019-02-23 17:00,,,,,,
FVJN,2019-02-25 05:00,,,,,,
FVJN,2019-02-25 09:00,FEW,,,4500.00,,
FVJN,2019-02-25 13:00,FEW,BKN,,5000.00,6000.00,
FVJN,2019-02-26 08:00,,,,,,
FVJN,2019-02-26 12:00,FEW,BKN,,4500.00,4800.00,
FVJN,2019-02-27 08:00,,,,,,
FVJN,2019-02-27 14:00,,,,,,
FVJN,2019-02-28 03:00,,,,,,
FVJN,2019-02-28 06:00,,,,,,
FVJN,2019-02-28 11:00,,,,,,
FVJN,2019-02-28 12:00,,,,,,
FVJN,2019-02-28 15:00,,,,,,
FVJN,2019-03-01 04:00,,,,,,
FVJN,2019-03-01 06:00,,,,,,
FVJN,2019-03-01 10:00,,,,,,
FVJN,2019-03-02 05:00,,,,,,
FVJN,2019-03-02 08:00,,,,,,
FVJN,2019-03-02 09:00,,,,,,
FVJN,2019-03-02 10:00,,,,,,
FVJN,2019-03-02 12:00,,,,,,
FVJN,2019-03-02 16:00,,,,,,
FVJN,2019-03-02 17:00,,,,,,
FVJN,2019-03-02 18:00,,,,,,
FVJN,2019-03-03 03:00,,,,,,
FVJN,2019-03-03 06:00,,,,,,
FVJN,2019-03-03 12:00,,,,,,
FVJN,2019-03-03 14:00,,,,,,
FVJN,2019-03-03 16:00,,,,,,
FVJN,2019-03-03 17:00,,,,,,
FVJN,2019-03-03 18:00,FEW,,,,,
FVJN,2019-03-04 03:00,,,,,,
FVJN,2019-03-04 05:00,,,,,,
FVJN,2019-03-04 13:00,,,,,,
FVJN,2019-03-04 14:00,,,,,,
FVJN,2019-03-04 16:00,,,,,,
FVJN,2019-03-05 04:00,,,,,,
FVJN,2019-03-05 05:00,,,,,,
FVJN,2019-03-05 06:00,,,,,,
FVJN,2019-03-05 08:00,,,,,,
FVJN,2019-03-05 10:00,,,,,,
FVJN,2019-03-06 04:00,BKN,,,1000.00,,
FVJN,2019-03-06 16:00,FEW,,,4000.00,,
FVJN,2019-03-06 17:00,FEW,,,4000.00,,
FVJN,2019-03-07 15:00,,,,,,
FVJN,2019-03-07 18:00,,,,,,
FVJN,2019-03-08 03:00,,,,,,
FVJN,2019-03-08 04:00,,,,,,
FVJN,2019-03-08 05:00,,,,,,
FVJN,2019-03-08 06:00,,,,,,
FVJN,2019-03-08 07:00,FEW,,,3000.00,,
FVJN,2019-03-08 12:00,,,,,,
FVJN,2019-03-08 13:00,,,,,,
FVJN,2019-03-08 18:00,,,,,,
FVJN,2019-03-09 04:00,,,,,,
FVJN,2019-03-09 07:00,,,,,,
FVJN,2019-03-09 18:00,,,,,,
FVJN,2019-03-10 04:00,,,,,,
FVJN,2019-03-10 11:00,,,,,,
FVJN,2019-03-10 12:00,,,,,,
FVJN,2019-03-11 04:00,,,,,,
FVJN,2019-03-11 16:00,,,,,,
FVJN,2019-03-12 06:00,,,,,,
FVJN,2019-03-12 10:00,,,,,,
FVJN,2019-03-12 12:00,,,,,,
FVJN,2019-03-12 15:00,,,,,,
FVJN,2019-03-14 09:00,FEW,,,3500.00,,
FVJN,2019-03-14 10:00,FEW,,,4000.00,,
FVJN,2019-03-14 11:00,,,,,,
FVJN,2019-03-14 12:00,,,,,,
FVJN,2019-03-14 13:00,,,,,,
FVJN,2019-03-14 15:00,,,,,,
FVJN,2019-03-14 18:00,,,,,,
FVJN,2019-03-15 03:00,FEW,,,1000.00,,
FVJN,2019-03-15 05:00,BKN,,,1000.00,,
FVJN,2019-03-15 12:00,OVC,,,1000.00,,
FVJN,2019-03-16 03:00,BKN,,,800.00,,
FVJN,2019-03-16 06:00,BKN,,,700.00,,
FVJN,2019-03-17 05:00,OVC,,,600.00,,
FVJN,2019-03-17 06:00,OVC,,,700.00,,
FVJN,2019-03-17 07:00,BKN,,,1200.00,,
FVJN,2019-03-17 09:00,BKN,,,1600.00,,
FVJN,2019-03-19 04:00,,,,,,
FVJN,2019-03-19 06:00,,,,,,
FVJN,2019-03-19 10:00,,,,,,
FVJN,2019-03-19 11:00,,,,,,
FVJN,2019-03-19 14:00,,,,,,
FVJN,2019-03-19 15:00,,,,,,
FVJN,2019-03-19 16:00,,,,,,
FVJN,2019-03-19 17:00,,,,,,
FVJN,2019-03-20 03:00,,,,,,
FVJN,2019-03-20 04:00,,,,,,
FVJN,2019-03-20 05:00,,,,,,
FVJN,2019-03-20 07:00,,,,,,
FVJN,2019-03-20 08:00,,,,,,
FVJN,2019-03-20 12:00,,,,,,
FVJN,2019-03-20 14:00,,,,,,
FVJN,2019-03-20 15:00,,,,,,
FVJN,2019-03-20 17:00,,,,,,
FVJN,2019-03-20 18:00,,,,,,
FVJN,2019-03-20 19:00,,,,,,
FVJN,2019-03-22 08:00,FEW,,,2500.00,,
FVJN,2019-03-23 05:00,BKN,,,800.00,,
FVJN,2019-03-23 06:00,SCT,,,1000.00,,
FVJN,2019-03-23 07:00,BKN,,,2000.00,,
FVJN,2019-03-23 09:00,SCT,,,3000.00,,
FVJN,2019-03-23 10:00,SCT,,,4500.00,,
FVJN,2019-03-23 18:00,,,,,,
FVJN,2019-03-24 03:00,,,,,,
FVJN,2019-03-24 04:00,BKN,,,1000.00,,
FVJN,2019-03-24 15:00,,,,,,
FVJN,2019-03-25 04:00,,,,,,
FVJN,2019-03-25 08:00,,,,,,
FVJN,2019-03-26 15:00,,,,,,
FVJN,2019-03-28 08:00,,,,,,
FVJN,2019-03-28 09:00,,,,,,
FVJN,2019-03-28 10:00,,,,,,
FVJN,2019-03-28 11:00,,,,,,
FVJN,2019-03-28 12:00,,,,,,
FVJN,2019-03-28 13:00,,,,,,
FVJN,2019-03-29 03:00,,,,,,
FVJN,2019-03-29 06:00,,,,,,
FVJN,2019-03-29 08:00,,,,,,
FVJN,2019-03-29 12:00,,,,,,
FVJN,2019-03-30 06:00,,,,,,
FVJN,2019-03-30 16:00,,,,,,
FVJN,2019-03-31 07:00,,,,,,
FVJN,2019-03-31 08:00,,,,,,
FVJN,2019-03-31 09:00,,,,,,
FVJN,2019-03-31 10:00,,,,,,
FVJN,2019-03-31 16:00,,,,,,
FVJN,2019-03-31 17:00,,,,,,
FVJN,2019-03-31 18:00,,,,,,
FVJN,2019-04-01 04:00,,,,,,
FVJN,2019-04-01 05:00,,,,,,
FVJN,2019-04-01 06:00,,,,,,
FVJN,2019-04-01 07:00,,,,,,
FVJN,2019-04-01 08:00,,,,,,
FVJN,2019-04-01 09:00,,,,,,
FVJN,2019-04-01 10:00,,,,,,
FVJN,2019-04-01 12:00,,,,,,
FVJN,2019-04-01 13:00,,,,,,
FVJN,2019-04-01 15:00,,,,,,
FVJN,2019-04-01 16:00,,,,,,
FVJN,2019-04-02 03:00,,,,,,
FVJN,2019-04-02 04:00,,,,,,
FVJN,2019-04-02 10:00,,,,,,
FVJN,2019-04-03 04:00,BKN,,,800.00,,
FVJN,2019-04-03 06:00,BKN,,,1200.00,,
FVJN,2019-04-03 09:00,FEW,,,4000.00,,
FVJN,2019-04-03 10:00,,,,,,
FVJN,2019-04-03 13:00,,,,,,
FVJN,2019-04-05 13:00,,,,,,
FVJN,2019-04-05 17:00,,,,,,
FVJN,2019-04-05 18:00,,,,,,
FVJN,2019-04-06 04:00,,,,,,
FVJN,2019-04-06 06:00,,,,,,
FVJN,2019-04-06 07:00,,,,,,
FVJN,2019-04-06 09:00,,,,,,
FVJN,2019-04-07 04:00,FEW,SCT,,1000.00,30000.00,
FVJN,2019-04-07 06:00,FEW,SCT,,2000.00,10000.00,
FVJN,2019-04-07 08:00,FEW,BKN,,3000.00,10000.00,
FVJN,2019-04-07 10:00,,,,,,
FVJN,2019-04-07 15:00,,,,,,
FVJN,2019-04-07 17:00,,,,,,
FVJN,2019-04-08 04:00,,,,,,
FVJN,2019-04-08 08:00,,,,,,
FVJN,2019-04-08 10:00,,,,,,
FVJN,2019-04-08 11:00,,,,,,
FVJN,2019-04-08 14:00,FEW,BKN,,3500.00,6000.00,
FVJN,2019-04-08 16:00,FEW,BKN,,5000.00,8000.00,
FVJN,2019-04-08 17:00,FEW,BKN,,5000.00,8000.00,
FVJN,2019-04-09 06:00,,,,,,
FVJN,2019-04-09 08:00,FEW,BKN,,4000.00,30000.00,
FVJN,2019-04-09 14:00,,,,,,
FVJN,2019-04-10 07:00,,,,,,
FVJN,2019-04-10 08:00,,,,,,
FVJN,2019-04-10 09:00,,,,,,
FVJN,2019-04-10 14:00,,,,,,
FVJN,2019-04-10 16:00,,,,,,
FVJN,2019-04-11 12:00,SCT,BKN,,3500.00,9000.00,
FVJN,2019-04-12 03:00,SCT,OVC,,600.00,8000.00,
FVJN,2019-04-12 12:00,BKN,,,600.00,,
FVJN,2019-04-12 13:00,BKN,,,600.00,,
FVJN,2019-04-13 06:00,,,,,,
FVJN,2019-04-13 13:00,,,,,,
FVJN,2019-04-13 14:00,,,,,,
FVJN,2019-04-14 06:00,SCT,,,800.00,,
FVJN,2019-04-14 11:00,BKN,,,4500.00,,
FVJN,2019-04-15 09:00,SCT,,,4500.00,,
FVJN,2019-04-15 10:00,,,,,,
FVJN,2019-04-16 03:00,,,,,,
FVJN,2019-04-16 04:00,,,,,,
FVJN,2019-04-16 05:00,,,,,,
FVJN,2019-04-16 06:00,,,,,,
FVJN,2019-04-16 07:00,,,,,,
FVJN,2019-04-16 08:00,FEW,,,3000.00,,
FVJN,2019-04-16 09:00,FEW,BKN,,3000.00,3500.00,
FVJN,2019-04-17 08:00,,,,,,
FVJN,2019-04-17 09:00,,,,,,
FVJN,2019-04-17 10:00,,,,,,
FVJN,2019-04-17 13:00,,,,,,
FVJN,2019-04-17 14:00,,,,,,
FVJN,2019-04-17 17:00,,,,,,
FVJN,2019-04-17 18:00,,,,,,
FVJN,2019-04-18 10:00,,,,,,
FVJN,2019-04-18 11:00,,,,,,
FVJN,2019-04-18 12:00,,,,,,
FVJN,2019-04-18 15:00,,,,,,
FVJN,2019-04-18 16:00,,,,,,
FVJN,2019-04-18 17:00,,,,,,
FVJN,2019-04-19 16:00,,,,,,
FVJN,2019-04-20 07:00,,,,,,
FVJN,2019-04-20 08:00,,,,,,
FVJN,2019-04-20 09:00,,,,,,
FVJN,2019-04-20 10:00,,,,,,
FVJN,2019-04-20 16:00,,,,,,
FVJN,2019-04-20 17:00,,,,,,
FVJN,2019-04-20 18:00,,,,,,
FVJN,2019-04-21 08:00,,,,,,
FVJN,2019-04-21 09:00,,,,,,
FVJN,2019-04-21 18:00,,,,,,
FVJN,2019-04-22 04:00,,,,,,
FVJN,2019-04-22 05:00,,,,,,
FVJN,2019-04-22 07:00,FEW,,,1500.00,,
FVJN,2019-04-22 09:00,FEW,,,3000.00,,
FVJN,2019-04-22 12:00,,,,,,
FVJN,2019-04-22 13:00,,,,,,
FVJN,2019-04-22 15:00,,,,,,
FVJN,2019-04-22 17:00,,,,,,
FVJN,2019-04-23 06:00,,,,,,
FVJN,2019-04-23 08:00,,,,,,
FVJN,2019-04-23 09:00,,,,,,
FVJN,2019-04-23 12:00,,,,,,
FVJN,2019-04-23 13:00,,,,,,
FVJN,2019-04-24 05:00,,,,,,
FVJN,2019-04-25 03:00,,,,,,
FVJN,2019-04-25 04:00,,,,,,
FVJN,2019-04-25 05:00,,,,,,
FVJN,2019-04-25 07:00,,,,,,
FVJN,2019-04-25 08:00,,,,,,
FVJN,2019-04-26 07:00,,,,,,
FVJN,2019-04-26 10:00,,,,,,
FVJN,2019-04-26 12:00,,,,,,
FVJN,2019-04-26 13:00,,,,,,
FVJN,2019-04-26 14:00,,,,,,
FVJN,2019-04-26 15:00,,,,,,
FVJN,2019-04-26 16:00,,,,,,
FVJN,2019-04-27 03:00,,,,,,
FVJN,2019-04-27 18:00,,,,,,
FVJN,2019-04-28 03:00,,,,,,
FVJN,2019-04-28 04:00,FEW,,,1000.00,,
FVJN,2019-04-28 05:00,BKN,,,1000.00,,
FVJN,2019-04-28 06:00,BKN,,,1000.00,,
FVJN,2019-04-28 07:00,FEW,,,2000.00,,
FVJN,2019-04-28 08:00,FEW,,,3000.00,,
FVJN,2019-04-28 09:00,,,,,,
FVJN,2019-04-28 10:00,,,,,,
FVJN,2019-04-28 12:00,,,,,,
FVJN,2019-04-28 13:00,,,,,,
FVJN,2019-04-28 15:00,,,,,,
FVJN,2019-04-28 17:00,,,,,,
FVJN,2019-04-29 05:00,,,,,,
FVJN,2019-04-29 07:00,SCT,,,1500.00,,
FVJN,2019-04-29 08:00,SCT,,,2000.00,,
FVJN,2019-04-29 10:00,,,,,,
FVJN,2019-04-29 12:00,,,,,,
FVJN,2019-04-29 13:00,,,,,,
FVJN,2019-04-29 15:00,,,,,,
FVJN,2019-04-30 04:00,,,,,,
FVJN,2019-04-30 05:00,,,,,,
FVJN,2019-04-30 06:00,,,,,,
FVJN,2019-04-30 07:00,,,,,,
FVJN,2019-04-30 09:00,,,,,,
FVJN,2019-04-30 12:00,,,,,,
FVJN,2019-04-30 16:00,,,,,,
FVJN,2019-04-30 17:00,,,,,,
FVJN,2019-04-30 18:00,,,,,,
FVJN,2019-05-01 03:00,,,,,,
FVJN,2019-05-02 09:00,,,,,,
FVJN,2019-05-02 12:00,,,,,,
FVJN,2019-05-02 15:00,,,,,,
FVJN,2019-05-03 15:00,,,,,,
FVJN,2019-05-04 10:00,,,,,,
FVJN,2019-05-04 12:00,,,,,,
FVJN,2019-05-04 13:00,,,,,,
FVJN,2019-05-04 14:00,,,,,,
FVJN,2019-05-04 15:00,,,,,,
FVJN,2019-05-04 17:00,,,,,,
FVJN,2019-05-05 04:00,,,,,,
FVJN,2019-05-05 05:00,,,,,,
FVJN,2019-05-05 06:00,,,,,,
FVJN,2019-05-05 07:00,,,,,,
FVJN,2019-05-05 17:00,,,,,,
FVJN,2019-05-06 04:00,,,,,,
FVJN,2019-05-06 05:00,,,,,,
FVJN,2019-05-07 08:00,,,,,,
FVJN,2019-05-08 06:00,,,,,,
FVJN,2019-05-08 07:00,,,,,,
FVJN,2019-05-08 08:00,,,,,,
FVJN,2019-05-08 10:00,,,,,,
FVJN,2019-05-08 12:00,,,,,,
FVJN,2019-05-08 14:00,,,,,,
FVJN,2019-05-08 15:00,,,,,,
FVJN,2019-05-08 17:00,,,,,,
FVJN,2019-05-08 18:00,,,,,,
FVJN,2019-05-09 03:00,,,,,,
FVJN,2019-05-09 10:00,,,,,,
FVJN,2019-05-10 03:00,,,,,,
FVJN,2019-05-10 08:00,,,,,,
FVJN,2019-05-11 05:00,BKN,,,800.00,,
FVJN,2019-05-11 07:00,FEW,,,2000.00,,
FVJN,2019-05-11 08:00,FEW,,,3000.00,,
FVJN,2019-05-11 10:00,,,,,,
FVJN,2019-05-12 07:00,,,,,,
FVJN,2019-05-12 11:00,,,,,,
FVJN,2019-05-12 12:00,,,,,,
FVJN,2019-05-12 13:00,,,,,,
FVJN,2019-05-13 05:00,,,,,,
FVJN,2019-05-13 08:00,,,,,,
FVJN,2019-05-13 11:00,,,,,,
FVJN,2019-05-13 14:00,,,,,,
FVJN,2019-05-13 15:00,,,,,,
FVJN,2019-05-13 16:00,,,,,,
FVJN,2019-05-13 17:00,,,,,,
FVJN,2019-05-15 15:00,,,,,,
FVJN,2019-05-16 18:00,,,,,,
FVJN,2019-05-17 04:00,,,,,,
FVJN,2019-05-17 07:00,,,,,,
FVJN,2019-05-18 05:00,,,,,,
FVJN,2019-05-18 09:00,,,,,,
FVJN,2019-05-19 12:00,,,,,,
FVJN,2019-05-20 14:00,,,,,,
FVJN,2019-05-20 17:00,,,,,,
FVJN,2019-05-20 18:00,,,,,,
FVJN,2019-05-21 03:00,,,,,,
FVJN,2019-05-21 14:00,,,,,,
FVJN,2019-05-21 15:00,,,,,,
FVJN,2019-05-22 14:00,,,,,,
FVJN,2019-05-22 18:00,,,,,,
FVJN,2019-05-23 03:00,,,,,,
FVJN,2019-05-23 04:00,,,,,,
FVJN,2019-05-23 05:00,,,,,,
FVJN,2019-05-24 12:00,SCT,,,4000.00,,
FVJN,2019-05-25 04:00,,,,,,
FVJN,2019-05-25 05:00,,,,,,
FVJN,2019-05-25 06:00,,,,,,
FVJN,2019-05-25 07:00,,,,,,
FVJN,2019-05-25 08:00,,,,,,
FVJN,2019-05-25 12:00,,,,,,
FVJN,2019-05-25 13:00,,,,,,
FVJN,2019-05-25 14:00,,,,,,
FVJN,2019-05-25 15:00,,,,,,
FVJN,2019-05-26 04:00,,,,,,
FVJN,2019-05-26 06:00,,,,,,
FVJN,2019-05-26 08:00,FEW,,,4000.00,,
FVJN,2019-05-26 09:00,FEW,,,4500.00,,
FVJN,2019-05-26 11:00,,,,,,
FVJN,2019-05-26 12:00,,,,,,
FVJN,2019-05-26 15:00,,,,,,
FVJN,2019-05-27 03:00,,,,,,
FVJN,2019-05-27 08:00,,,,,,
FVJN,2019-05-27 12:00,,,,,,
FVJN,2019-05-27 13:00,,,,,,
FVJN,2019-05-27 14:00,,,,,,
FVJN,2019-05-27 15:00,,,,,,
FVJN,2019-05-27 17:00,,,,,,
FVJN,2019-05-27 18:00,,,,,,
FVJN,2019-05-29 03:00,,,,,,
FVJN,2019-05-30 06:00,,,,,,
FVJN,2019-05-30 09:00,,,,,,
FVJN,2019-05-30 12:00,,,,,,
FVJN,2019-05-31 08:00,,,,,,
FVJN,2019-05-31 09:00,,,,,,
FVJN,2019-05-31 12:00,,,,,,
FVJN,2019-06-01 11:00,,,,,,
FVJN,2019-06-01 12:00,,,,,,
FVJN,2019-06-01 13:00,,,,,,
FVJN,2019-06-01 14:00,,,,,,
FVJN,2019-06-01 16:00,,,,,,
FVJN,2019-06-01 17:00,,,,,,
FVJN,2019-06-02 12:00,,,,,,
FVJN,2019-06-02 13:00,,,,,,
FVJN,2019-06-02 14:00,,,,,,
FVJN,2019-06-02 15:00,,,,,,
FVJN,2019-06-02 17:00,,,,,,
FVJN,2019-06-02 18:00,,,,,,
FVJN,2019-06-03 03:00,,,,,,
FVJN,2019-06-03 12:00,,,,,,
FVJN,2019-06-03 14:00,,,,,,
FVJN,2019-06-05 03:00,,,,,,
FVJN,2019-06-05 04:00,,,,,,
FVJN,2019-06-05 05:00,,,,,,
FVJN,2019-06-05 06:00,,,,,,
FVJN,2019-06-05 07:00,,,,,,
FVJN,2019-06-05 08:00,,,,,,
FVJN,2019-06-05 10:00,,,,,,
FVJN,2019-06-05 17:00,,,,,,
FVJN,2019-06-06 04:00,,,,,,
FVJN,2019-06-09 03:00,,,,,,
FVJN,2019-06-09 16:00,FEW,,,3500.00,,
FVJN,2019-06-11 03:00,,,,,,
FVJN,2019-06-11 04:00,,,,,,
FVJN,2019-06-11 05:00,,,,,,
FVJN,2019-06-11 12:00,,,,,,
FVJN,2019-06-12 03:00,,,,,,
FVJN,2019-06-12 08:00,,,,,,
FVJN,2019-06-12 11:00,,,,,,
FVJN,2019-06-13 03:00,,,,,,
FVJN,2019-06-13 08:00,,,,,,
FVJN,2019-06-13 15:00,,,,,,
FVJN,2019-06-14 15:00,,,,,,
FVJN,2019-06-14 16:00,,,,,,
FVJN,2019-06-14 17:00,,,,,,
FVJN,2019-06-15 13:00,,,,,,
FVJN,2019-06-15 14:00,,,,,,
FVJN,2019-06-15 15:00,,,,,,
FVJN,2019-06-16 03:00,,,,,,
FVJN,2019-06-16 07:00,,,,,,
FVJN,2019-06-16 09:00,,,,,,
FVJN,2019-06-18 05:00,,,,,,
FVJN,2019-06-18 06:00,,,,,,
FVJN,2019-06-18 09:00,,,,,,
FVJN,2019-06-18 11:00,,,,,,
FVJN,2019-06-22 18:00,,,,,,
FVJN,2019-06-23 03:00,,,,,,
FVJN,2019-06-25 11:00,,,,,,
FVJN,2019-06-25 12:00,,,,,,
FVJN,2019-06-25 15:00,,,,,,
FVJN,2019-06-25 17:00,,,,,,
FVJN,2019-06-25 18:00,,,,,,
FVJN,2019-06-27 12:00,,,,,,
FVJN,2019-06-27 15:00,,,,,,
FVJN,2019-06-30 12:00,,,,,,
FVJN,2019-07-02 11:00,,,,,,
FVJN,2019-07-02 12:00,,,,,,
FVJN,2019-07-02 13:00,,,,,,
FVJN,2019-07-02 16:00,,,,,,
FVJN,2019-07-03 17:00,,,,,,
FVJN,2019-07-04 03:00,,,,,,
FVJN,2019-07-04 05:00,,,,,,
FVJN,2019-07-04 07:00,,,,,,
FVJN,2019-07-04 11:00,,,,,,
FVJN,2019-07-06 18:00,,,,,,
FVJN,2019-07-07 03:00,,,,,,
FVJN,2019-07-07 12:00,,,,,,
FVJN,2019-07-07 15:00,,,,,,
FVJN,2019-07-08 04:00,,,,,,
FVJN,2019-07-08 09:00,,,,,,
FVJN,2019-07-08 10:00,,,,,,
FVJN,2019-07-08 12:00,,,,,,
FVJN,2019-07-08 14:00,,,,,,
FVJN,2019-07-08 15:00,,,,,,
FVJN,2019-07-09 14:00,,,,,,
FVJN,2019-07-09 16:00,,,,,,
FVJN,2019-07-09 17:00,,,,,,
FVJN,2019-07-10 03:00,,,,,,
FVJN,2019-07-10 13:00,,,,,,
FVJN,2019-07-10 15:00,,,,,,
FVJN,2019-07-11 18:00,,,,,,
FVJN,2019-07-12 04:00,,,,,,
FVJN,2019-07-12 05:00,,,,,,
FVJN,2019-07-12 07:00,,,,,,
FVJN,2019-07-12 08:00,,,,,,
FVJN,2019-07-12 10:00,,,,,,
FVJN,2019-07-13 04:00,,,,,,
FVJN,2019-07-13 05:00,,,,,,
FVJN,2019-07-13 08:00,,,,,,
FVJN,2019-07-13 09:00,,,,,,
FVJN,2019-07-14 03:00,,,,,,
FVJN,2019-07-14 04:00,,,,,,
FVJN,2019-07-14 05:00,,,,,,
FVJN,2019-07-14 06:00,,,,,,
FVJN,2019-07-15 05:00,,,,,,
FVJN,2019-07-15 09:00,,,,,,
FVJN,2019-07-16 03:00,,,,,,
FVJN,2019-07-16 06:00,,,,,,
FVJN,2019-07-16 09:00,,,,,,
FVJN,2019-07-16 17:00,,,,,,
FVJN,2019-07-16 18:00,,,,,,
FVJN,2019-07-17 11:00,,,,,,
FVJN,2019-07-18 06:00,,,,,,
FVJN,2019-07-19 06:00,,,,,,
FVJN,2019-07-19 08:00,,,,,,
FVJN,2019-07-19 09:00,,,,,,
FVJN,2019-07-19 13:00,,,,,,
FVJN,2019-07-20 09:00,,,,,,
FVJN,2019-07-20 12:00,,,,,,
FVJN,2019-07-21 08:00,FEW,,,3000.00,,
FVJN,2019-07-21 13:00,,,,,,
FVJN,2019-07-21 14:00,,,,,,
FVJN,2019-07-21 16:00,,,,,,
FVJN,2019-07-21 17:00,,,,,,
FVJN,2019-07-22 03:00,SCT,,,800.00,,
FVJN,2019-07-22 04:00,FEW,,,800.00,,
FVJN,2019-07-22 06:00,FEW,,,800.00,,
FVJN,2019-07-22 07:00,FEW,,,1000.00,,
FVJN,2019-07-22 08:00,,,,,,
FVJN,2019-07-22 09:00,,,,,,
FVJN,2019-07-22 12:00,,,,,,
FVJN,2019-07-22 13:00,,,,,,
FVJN,2019-07-22 17:00,,,,,,
FVJN,2019-07-22 18:00,,,,,,
FVJN,2019-07-23 03:00,,,,,,
FVJN,2019-07-23 12:00,,,,,,
FVJN,2019-07-23 13:00,,,,,,
FVJN,2019-07-23 18:00,,,,,,
FVJN,2019-07-24 03:00,,,,,,
FVJN,2019-07-24 04:00,,,,,,
FVJN,2019-07-24 05:00,,,,,,
FVJN,2019-07-24 07:00,,,,,,
FVJN,2019-07-26 08:00,,,,,,
FVJN,2019-07-26 09:00,,,,,,
FVJN,2019-07-26 11:00,,,,,,
FVJN,2019-07-26 13:00,,,,,,
FVJN,2019-07-26 14:00,,,,,,
FVJN,2019-07-27 04:00,,,,,,
FVJN,2019-07-27 05:00,,,,,,
FVJN,2019-07-27 06:00,,,,,,
FVJN,2019-07-27 08:00,,,,,,
FVJN,2019-07-27 10:00,,,,,,
FVJN,2019-07-27 11:00,,,,,,
FVJN,2019-07-27 15:00,,,,,,
FVJN,2019-07-27 18:00,,,,,,
FVJN,2019-07-28 12:00,,,,,,
FVJN,2019-07-29 03:00,,,,,,
FVJN,2019-07-29 04:00,,,,,,
FVJN,2019-07-31 09:00,,,,,,
FVJN,2019-07-31 10:00,,,,,,
FVJN,2019-08-01 07:00,,,,,,
FVJN,2019-08-02 04:00,,,,,,
FVJN,2019-08-02 05:00,NSC,,,,,
FVJN,2019-08-02 08:00,,,,,,
FVJN,2019-08-02 14:00,,,,,,
FVJN,2019-08-02 15:00,,,,,,
FVJN,2019-08-02 16:00,,,,,,
FVJN,2019-08-03 04:00,,,,,,
FVJN,2019-08-03 05:00,FEW,,,4000.00,,
FVJN,2019-08-03 09:00,,,,,,
FVJN,2019-08-04 12:00,,,,,,
FVJN,2019-08-04 13:00,,,,,,
FVJN,2019-08-04 14:00,,,,,,
FVJN,2019-08-04 16:00,,,,,,
FVJN,2019-08-04 17:00,,,,,,
FVJN,2019-08-05 03:00,,,,,,
FVJN,2019-08-05 14:00,,,,,,
FVJN,2019-08-05 16:00,,,,,,
FVJN,2019-08-05 17:00,,,,,,
FVJN,2019-08-05 18:00,,,,,,
FVJN,2019-08-06 03:00,,,,,,
FVJN,2019-08-07 06:00,,,,,,
FVJN,2019-08-07 12:00,,,,,,
FVJN,2019-08-08 04:00,,,,,,
FVJN,2019-08-08 06:00,,,,,,
FVJN,2019-08-08 07:00,,,,,,
FVJN,2019-08-08 09:00,,,,,,
FVJN,2019-08-09 04:00,,,,,,
FVJN,2019-08-09 05:00,,,,,,
FVJN,2019-08-09 06:00,,,,,,
FVJN,2019-08-09 12:00,,,,,,
FVJN,2019-08-11 09:00,,,,,,
FVJN,2019-08-11 11:00,,,,,,
FVJN,2019-08-11 12:00,,,,,,
FVJN,2019-08-11 14:00,,,,,,
FVJN,2019-08-11 15:00,,,,,,
FVJN,2019-08-11 16:00,,,,,,
FVJN,2019-08-12 03:00,,,,,,
FVJN,2019-08-12 04:00,,,,,,
FVJN,2019-08-12 06:00,,,,,,
FVJN,2019-08-12 08:00,,,,,,
FVJN,2019-08-13 03:00,,,,,,
FVJN,2019-08-13 07:00,,,,,,
FVJN,2019-08-13 08:00,,,,,,
FVJN,2019-08-13 09:00,,,,,,
FVJN,2019-08-13 10:00,,,,,,
FVJN,2019-08-13 12:00,,,,,,
FVJN,2019-08-13 13:00,,,,,,
FVJN,2019-08-14 03:00,,,,,,
FVJN,2019-08-14 04:00,,,,,,
FVJN,2019-08-14 05:00,,,,,,
FVJN,2019-08-14 06:00,,,,,,
FVJN,2019-08-14 11:00,,,,,,
FVJN,2019-08-14 16:00,,,,,,
FVJN,2019-08-15 05:00,NSC,,,,,
FVJN,2019-08-15 06:00,NSC,,,,,
FVJN,2019-08-15 07:00,NSC,,,,,
FVJN,2019-08-16 14:00,,,,,,
FVJN,2019-08-16 15:00,,,,,,
FVJN,2019-08-16 18:00,,,,,,
FVJN,2019-08-17 11:00,,,,,,
FVJN,2019-08-17 12:00,,,,,,
FVJN,2019-08-17 13:00,,,,,,
FVJN,2019-08-17 14:00,,,,,,
FVJN,2019-08-17 15:00,,,,,,
FVJN,2019-08-17 16:00,,,,,,
FVJN,2019-08-17 17:00,,,,,,
FVJN,2019-08-17 18:00,,,,,,
FVJN,2019-08-18 18:00,,,,,,
FVJN,2019-08-18 19:00,,,,,,
FVJN,2019-08-19 08:00,,,,,,
FVJN,2019-08-19 10:00,,,,,,
FVJN,2019-08-19 12:00,,,,,,
FVJN,2019-08-20 04:00,,,,,,
FVJN,2019-08-20 06:00,,,,,,
FVJN,2019-08-20 07:00,,,,,,
FVJN,2019-08-20 09:00,,,,,,
FVJN,2019-08-21 04:00,BKN,,,800.00,,
FVJN,2019-08-21 05:00,BKN,,,800.00,,
FVJN,2019-08-21 06:00,BKN,,,800.00,,
FVJN,2019-08-21 09:00,FEW,,,1000.00,,
FVJN,2019-08-22 09:00,FEW,,,2500.00,,
FVJN,2019-08-22 12:00,,,,,,
FVJN,2019-08-23 06:00,,,,,,
FVJN,2019-08-23 07:00,,,,,,
FVJN,2019-08-23 08:00,,,,,,
FVJN,2019-08-23 09:00,,,,,,
FVJN,2019-08-23 10:00,,,,,,
FVJN,2019-08-23 11:00,,,,,,
FVJN,2019-08-23 14:00,,,,,,
FVJN,2019-08-23 16:00,,,,,,
FVJN,2019-08-24 03:00,,,,,,
FVJN,2019-08-24 04:00,,,,,,
FVJN,2019-08-24 06:00,,,,,,
FVJN,2019-08-25 08:00,,,,,,
FVJN,2019-08-25 09:00,,,,,,
FVJN,2019-08-25 13:00,,,,,,
FVJN,2019-08-25 16:00,,,,,,
FVJN,2019-08-26 04:00,,,,,,
FVJN,2019-08-26 05:00,,,,,,
FVJN,2019-08-26 06:00,,,,,,
FVJN,2019-08-26 07:00,,,,,,
FVJN,2019-08-26 09:00,,,,,,
FVJN,2019-08-26 10:00,,,,,,
FVJN,2019-08-26 15:00,,,,,,
FVJN,2019-08-27 04:00,,,,,,
FVJN,2019-08-27 09:00,,,,,,
FVJN,2019-08-27 11:00,,,,,,
FVJN,2019-08-27 13:00,,,,,,
FVJN,2019-08-27 16:00,,,,,,
FVJN,2019-08-27 17:00,,,,,,
FVJN,2019-08-27 18:00,,,,,,
FVJN,2019-08-28 03:00,,,,,,
FVJN,2019-08-28 06:00,,,,,,
FVJN,2019-08-28 07:00,,,,,,
FVJN,2019-08-28 08:00,,,,,,
FVJN,2019-08-28 09:00,,,,,,
FVJN,2019-08-28 10:00,,,,,,
FVJN,2019-08-28 12:00,,,,,,
FVJN,2019-08-28 14:00,,,,,,
FVJN,2019-08-28 17:00,,,,,,
FVJN,2019-08-28 18:00,,,,,,
FVJN,2019-08-29 03:00,,,,,,
FVJN,2019-08-29 18:00,,,,,,
FVJN,2019-08-30 03:00,,,,,,
FVJN,2019-08-30 08:00,,,,,,
FVJN,2019-08-31 07:00,,,,,,
FVJN,2019-08-31 08:00,,,,,,
FVJN,2019-08-31 10:00,,,,,,
FVJN,2019-09-01 07:00,,,,,,
FVJN,2019-09-06 06:00,,,,,,
FVJN,2019-09-06 07:00,,,,,,
FVJN,2019-09-06 09:00,,,,,,
FVJN,2019-09-06 12:00,,,,,,
FVJN,2019-09-06 18:00,,,,,,
FVJN,2019-09-07 04:00,OVC,,,600.00,,
FVJN,2019-09-07 06:00,BKN,,,600.00,,
FVJN,2019-09-07 09:00,BKN,,,800.00,,
FVJN,2019-09-07 10:00,BKN,,,1600.00,,
FVJN,2019-09-07 13:00,BKN,,,2500.00,,
FVJN,2019-09-08 08:00,FEW,,,2500.00,,
FVJN,2019-09-08 09:00,FEW,,,3000.00,,
FVJN,2019-09-08 13:00,,,,,,
FVJN,2019-09-08 14:00,,,,,,
FVJN,2019-09-09 05:00,,,,,,
FVJN,2019-09-09 06:00,,,,,,
FVJN,2019-09-09 07:00,,,,,,
FVJN,2019-09-09 11:00,,,,,,
FVJN,2019-09-09 12:00,,,,,,
FVJN,2019-09-09 14:00,,,,,,
FVJN,2019-09-09 15:00,,,,,,
FVJN,2019-09-09 16:00,,,,,,
FVJN,2019-09-09 17:00,,,,,,
FVJN,2019-09-10 03:00,,,,,,
FVJN,2019-09-10 18:00,,,,,,
FVJN,2019-09-11 03:00,,,,,,
FVJN,2019-09-13 03:00,,,,,,
FVJN,2019-09-13 04:00,,,,,,
FVJN,2019-09-13 06:00,,,,,,
FVJN,2019-09-13 07:00,,,,,,
FVJN,2019-09-13 09:00,,,,,,
FVJN,2019-09-13 10:00,,,,,,
FVJN,2019-09-13 11:00,,,,,,
FVJN,2019-09-13 12:00,,,,,,
FVJN,2019-09-14 11:00,,,,,,
FVJN,2019-09-14 12:00,,,,,,
FVJN,2019-09-14 14:00,,,,,,
FVJN,2019-09-14 15:00,,,,,,
FVJN,2019-09-15 11:00,,,,,,
FVJN,2019-09-15 12:00,,,,,,
FVJN,2019-09-15 13:00,,,,,,
FVJN,2019-09-15 17:00,,,,,,
FVJN,2019-09-16 14:00,,,,,,
FVJN,2019-09-16 15:00,,,,,,
FVJN,2019-09-16 17:00,,,,,,
FVJN,2019-09-16 18:00,,,,,,
FVJN,2019-09-17 03:00,,,,,,
FVJN,2019-09-17 07:00,,,,,,
FVJN,2019-09-18 18:00,,,,,,
FVJN,2019-09-19 04:00,,,,,,
FVJN,2019-09-19 05:00,,,,,,
FVJN,2019-09-20 05:00,,,,,,
FVJN,2019-09-20 08:00,,,,,,
FVJN,2019-09-20 10:00,,,,,,
FVJN,2019-09-20 11:00,,,,,,
FVJN,2019-09-20 12:00,,,,,,
FVJN,2019-09-21 06:00,,,,,,
FVJN,2019-09-21 09:00,,,,,,
FVJN,2019-09-21 12:00,,,,,,
FVJN,2019-09-22 09:00,,,,,,
FVJN,2019-09-22 11:00,,,,,,
FVJN,2019-09-22 12:00,,,,,,
FVJN,2019-09-22 14:00,,,,,,
FVJN,2019-09-22 15:00,,,,,,
FVJN,2019-09-22 16:00,,,,,,
FVJN,2019-09-22 17:00,,,,,,
FVJN,2019-09-23 03:00,,,,,,
FVJN,2019-09-23 14:00,,,,,,
FVJN,2019-09-25 06:00,OVC,,,600.00,,
FVJN,2019-09-25 07:00,OVC,,,600.00,,
FVJN,2019-09-25 11:00,OVC,,,1000.00,,
FVJN,2019-09-25 12:00,OVC,,,2000.00,,
FVJN,2019-09-25 13:00,BKN,,,2500.00,,
FVJN,2019-09-26 06:00,SCT,,,2000.00,,
FVJN,2019-09-28 11:00,,,,,,
FVJN,2019-09-28 12:00,,,,,,
FVJN,2019-09-28 14:00,,,,,,
FVJN,2019-09-28 16:00,,,,,,
FVJN,2019-09-28 17:00,,,,,,
FVJN,2019-09-28 18:00,,,,,,
FVJN,2019-09-29 03:00,,,,,,
FVJN,2019-09-30 15:00,,,,,,
FVJN,2019-10-01 07:00,NSC,,,,,
FVJN,2019-10-01 11:00,,,,,,
FVJN,2019-10-01 12:00,,,,,,
FVJN,2019-10-02 04:00,OVC,,,800.00,,
FVJN,2019-10-02 05:00,OVC,,,800.00,,
FVJN,2019-10-02 06:00,OVC,,,500.00,,
FVJN,2019-10-02 09:00,OVC,,,2000.00,,
FVJN,2019-10-03 04:00,OVC,,,800.00,,
FVJN,2019-10-03 05:00,OVC,,,800.00,,
FVJN,2019-10-03 06:00,OVC,,,1000.00,,
FVJN,2019-10-03 07:00,BKN,,,1600.00,,
FVJN,2019-10-03 08:00,FEW,,,2000.00,,
FVJN,2019-10-03 09:00,FEW,,,3000.00,,
FVJN,2019-10-03 11:00,,,,,,
FVJN,2019-10-03 12:00,,,,,,
FVJN,2019-10-03 14:00,,,,,,
FVJN,2019-10-03 15:00,,,,,,
FVJN,2019-10-04 09:00,,,,,,
FVJN,2019-10-04 14:00,,,,,,
FVJN,2019-10-04 15:00,,,,,,
FVJN,2019-10-04 16:00,,,,,,
FVJN,2019-10-04 17:00,,,,,,
FVJN,2019-10-04 18:00,,,,,,
FVJN,2019-10-06 03:00,,,,,,
FVJN,2019-10-07 04:00,,,,,,
FVJN,2019-10-07 12:00,,,,,,
FVJN,2019-10-08 06:00,,,,,,
FVJN,2019-10-08 07:00,,,,,,
FVJN,2019-10-08 08:00,,,,,,
FVJN,2019-10-08 09:00,,,,,,
FVJN,2019-10-08 12:00,,,,,,
FVJN,2019-10-09 12:00,FEW,BKN,,6000.00,8000.00,
FVJN,2019-10-09 13:00,FEW,SCT,,6000.00,8000.00,
FVJN,2019-10-09 14:00,FEW,SCT,,6000.00,8000.00,
FVJN,2019-10-09 15:00,FEW,SCT,,6000.00,8000.00,
FVJN,2019-10-09 16:00,,,,,,
FVJN,2019-10-09 17:00,,,,,,
FVJN,2019-10-09 18:00,,,,,,
FVJN,2019-10-10 03:00,,,,,,
FVJN,2019-10-10 10:00,,,,,,
FVJN,2019-10-10 14:00,FEW,SCT,BKN,6000.00,7000.00,10000.00
FVJN,2019-10-10 15:00,FEW,SCT,BKN,6000.00,7000.00,30000.00
FVJN,2019-10-10 16:00,,,,,,
FVJN,2019-10-10 17:00,,,,,,
FVJN,2019-10-10 18:00,,,,,,
FVJN,2019-10-11 03:00,BKN,,,800.00,,
FVJN,2019-10-12 11:00,,,,,,
FVJN,2019-10-13 14:00,,,,,,
FVJN,2019-10-13 15:00,,,,,,
FVJN,2019-10-13 16:00,,,,,,
FVJN,2019-10-13 17:00,,,,,,
FVJN,2019-10-14 04:00,,,,,,
FVJN,2019-10-14 06:00,,,,,,
FVJN,2019-10-14 07:00,,,,,,
FVJN,2019-10-14 09:00,,,,,,
FVJN,2019-10-14 10:00,,,,,,
FVJN,2019-10-14 11:00,,,,,,
FVJN,2019-10-14 12:00,,,,,,
FVJN,2019-10-15 05:00,,,,,,
FVJN,2019-10-15 07:00,,,,,,
FVJN,2019-10-15 08:00,,,,,,
FVJN,2019-10-15 09:00,,,,,,
FVJN,2019-10-15 12:00,,,,,,
FVJN,2019-10-16 09:00,FEW,,,3500.00,,
FVJN,2019-10-16 15:00,,,,,,
FVJN,2019-10-17 03:00,,,,,,
FVJN,2019-10-19 07:00,,,,,,
FVJN,2019-10-19 09:00,,,,,,
FVJN,2019-10-19 18:00,,,,,,
FVJN,2019-10-20 03:00,,,,,,
FVJN,2019-10-20 04:00,,,,,,
FVJN,2019-10-20 05:00,,,,,,
FVJN,2019-10-20 06:00,,,,,,
FVJN,2019-10-20 07:00,,,,,,
FVJN,2019-10-20 09:00,,,,,,
FVJN,2019-10-21 04:00,,,,,,
FVJN,2019-10-21 05:00,,,,,,
FVJN,2019-10-21 06:00,,,,,,
FVJN,2019-10-21 08:00,,,,,,
FVJN,2019-10-21 10:00,,,,,,
FVJN,2019-10-21 13:00,,,,,,
FVJN,2019-10-21 16:00,,,,,,
FVJN,2019-10-22 15:00,FEW,SCT,BKN,5000.00,6000.00,9000.00
FVJN,2019-10-22 16:00,,,,,,
FVJN,2019-10-23 03:00,,,,,,
FVJN,2019-10-23 15:00,SCT,,,8000.00,,
FVJN,2019-10-23 18:00,FEW,SCT,,5000.00,7000.00,
FVJN,2019-10-24 03:00,,,,,,
FVJN,2019-10-24 18:00,,,,,,
FVJN,2019-10-25 15:00,,,,,,
FVJN,2019-10-26 06:00,,,,,,
FVJN,2019-10-26 10:00,,,,,,
FVJN,2019-10-26 11:00,,,,,,
FVJN,2019-10-26 12:00,,,,,,
FVJN,2019-10-26 15:00,,,,,,
FVJN,2019-10-27 04:00,,,,,,
FVJN,2019-10-27 12:00,,,,,,
FVJN,2019-10-27 13:00,,,,,,
FVJN,2019-10-27 14:00,,,,,,
FVJN,2019-10-27 15:00,,,,,,
FVJN,2019-10-27 16:00,SCT,OVC,,6000.00,9000.00,
FVJN,2019-10-27 17:00,FEW,OVC,,6000.00,9000.00,
FVJN,2019-10-28 07:00,,,,,,
FVJN,2019-10-28 15:00,,,,,,
FVJN,2019-10-28 16:00,,,,,,
FVJN,2019-10-28 17:00,,,,,,
FVJN,2019-10-29 03:00,,,,,,
FVJN,2019-10-29 13:00,FEW,,,7000.00,,
FVJN,2019-10-29 16:00,FEW,BKN,,7000.00,10000.00,
FVJN,2019-10-29 18:00,FEW,BKN,,7000.00,10000.00,
FVJN,2019-10-30 03:00,SCT,,,1000.00,,
FVJN,2019-10-30 12:00,,,,,,
FVJN,2019-10-31 06:00,BKN,,,1500.00,,
FVJN,2019-10-31 07:00,FEW,BKN,,2000.00,10000.00,
FVJN,2019-10-31 11:00,,,,,,
FVJN,2019-11-01 04:00,,,,,,
FVJN,2019-11-01 05:00,FEW,SCT,,1000.00,30000.00,
FVJN,2019-11-01 06:00,SCT,,,1500.00,,
FVJN,2019-11-01 07:00,SCT,,,2000.00,,
FVJN,2019-11-01 08:00,SCT,,,2500.00,,
FVJN,2019-11-01 10:00,FEW,,,4000.00,,
FVJN,2019-11-03 09:00,,,,,,
FVJN,2019-11-03 12:00,,,,,,
FVJN,2019-11-04 15:00,,,,,,
FVJN,2019-11-05 03:00,,,,,,
FVJN,2019-11-06 06:00,,,,,,
FVJN,2019-11-07 09:00,,,,,,
FVJN,2019-11-08 06:00,,,,,,
FVJN,2019-11-08 09:00,,,,,,
FVJN,2019-11-08 12:00,FEW,BKN,,5000.00,6000.00,
FVJN,2019-11-09 08:00,FEW,,,2000.00,,
FVJN,2019-11-09 09:00,FEW,,,3000.00,,
FVJN,2019-11-09 10:00,FEW,,,4000.00,,
FVJN,2019-11-09 14:00,FEW,SCT,BKN,5000.00,6000.00,30000.00
FVJN,2019-11-09 18:00,FEW,BKN,,5000.00,9000.00,
FVJN,2019-11-10 03:00,,,,,,
FVJN,2019-11-11 07:00,,,,,,
FVJN,2019-11-12 03:00,,,,,,
FVJN,2019-11-12 07:00,FEW,SCT,,2500.00,10000.00,
FVJN,2019-11-12 08:00,BKN,BKN,,2800.00,10000.00,
FVJN,2019-11-12 09:00,BKN,SCT,,4500.00,10000.00,
FVJN,2019-11-13 09:00,FEW,,,3000.00,,
FVJN,2019-11-13 12:00,FEW,SCT,BKN,4000.00,4500.00,30000.00
FVJN,2019-11-15 12:00,,,,,,
FVJN,2019-11-15 15:00,,,,,,
FVJN,2019-11-15 16:00,,,,,,
FVJN,2019-11-15 17:00,,,,,,
FVJN,2019-11-16 12:00,,,,,,
FVJN,2019-11-16 15:00,,,,,,
FVJN,2019-11-19 04:00,,,,,,
FVJN,2019-11-19 07:00,,,,,,
FVJN,2019-11-19 09:00,,,,,,
FVJN,2019-11-19 12:00,FEW,SCT,BKN,6000.00,7000.00,9000.00
FVJN,2019-11-20 04:00,FEW,OVC,,1000.00,8000.00,
FVJN,2019-11-20 07:00,,,,,,
FVJN,2019-11-20 08:00,,,,,,
FVJN,2019-11-20 09:00,FEW,BKN,,3000.00,10000.00,
FVJN,2019-11-20 10:00,FEW,FEW,SCT,1000.00,3000.00,3500.00
FVJN,2019-11-21 06:00,,,,,,
FVJN,2019-11-21 07:00,,,,,,
FVJN,2019-11-24 03:00,FEW,BKN,,6000.00,8000.00,
FVJN,2019-11-24 07:00,FEW,BKN,,1500.00,30000.00,
FVJN,2019-11-24 08:00,FEW,BKN,,2000.00,30000.00,
FVJN,2019-11-25 14:00,SCT,,,7000.00,,
FVJN,2019-11-25 16:00,,,,,,
FVJN,2019-11-25 17:00,,,,,,
FVJN,2019-11-25 18:00,,,,,,
FVJN,2019-11-26 05:00,,,,,,
FVJN,2019-11-26 09:00,,,,,,
FVJN,2019-11-26 10:00,,,,,,
FVJN,2019-11-29 13:00,,,,,,
FVJN,2019-11-29 14:00,,,,,,
FVJN,2019-11-30 03:00,,,,,,
FVJN,2019-12-01 04:00,,,,,,
FVJN,2019-12-01 09:00,,,,,,
FVJN,2019-12-02 09:00,,,,,,
FVJN,2019-12-02 10:00,,,,,,
FVJN,2019-12-02 12:00,,,,,,
FVJN,2019-12-03 04:00,,,,,,
FVJN,2019-12-03 10:00,,,,,,
FVJN,2019-12-03 11:00,,,,,,
FVJN,2019-12-03 12:00,,,,,,
FVJN,2019-12-03 13:00,,,,,,
FVJN,2019-12-03 14:00,,,,,,
FVJN,2019-12-03 15:00,FEW,,,6000.00,,
FVJN,2019-12-04 04:00,FEW,SCT,BKN,3000.00,10000.00,30000.00
FVJN,2019-12-05 03:00,OVC,,,800.00,,
FVJN,2019-12-05 13:00,SCT,,,3000.00,,
FVJN,2019-12-05 14:00,SCT,,,3000.00,,
FVJN,2019-12-05 16:00,SCT,,,2500.00,,
FVJN,2019-12-07 09:00,,,,,,
FVJN,2019-12-08 06:00,FEW,BKN,,2500.00,8000.00,
FVJN,2019-12-08 09:00,SCT,SCT,,4000.00,8000.00,
FVJN,2019-12-08 10:00,FEW,SCT,,3000.00,4000.00,
FVJN,2019-12-08 12:00,FEW,SCT,BKN,4000.00,8000.00,30000.00
FVJN,2019-12-08 13:00,FEW,BKN,,4000.00,30000.00,
FVJN,2019-12-09 07:00,BKN,BKN,,800.00,8000.00,
FVJN,2019-12-10 07:00,BKN,,,800.00,,
FVJN,2019-12-11 07:00,BKN,,,3000.00,,
FVJN,2019-12-12 07:00,,,,,,
FVJN,2019-12-12 09:00,,,,,,
FVJN,2019-12-13 04:00,BKN,,,800.00,,
FVJN,2019-12-13 06:00,SCT,,,1200.00,,
FVJN,2019-12-13 08:00,FEW,,,2000.00,,
FVJN,2019-12-13 09:00,SCT,,,4000.00,,
FVJN,2019-12-13 10:00,SCT,,,4500.00,,
FVJN,2019-12-13 15:00,,,,,,
FVJN,2019-12-14 03:00,,,,,,
FVJN,2019-12-14 04:00,,,,,,
FVJN,2019-12-14 06:00,,,,,,
FVJN,2019-12-14 07:00,,,,,,
FVJN,2019-12-14 08:00,,,,,,
FVJN,2019-12-17 08:00,SCT,,,3000.00,,
FVJN,2019-12-17 12:00,,,,,,
FVJN,2019-12-17 13:00,,,,,,
FVJN,2019-12-17 14:00,,,,,,
FVJN,2019-12-17 16:00,,,,,,
FVJN,2019-12-17 17:00,,,,,,
FVJN,2019-12-17 18:00,,,,,,
FVJN,2019-12-17 19:00,,,,,,
FVJN,2019-12-19 03:00,,,,,,
FVJN,2019-12-19 06:00,,,,,,
FVJN,2019-12-19 07:00,,,,,,
FVJN,2019-12-19 08:00,,,,,,
FVJN,2019-12-19 11:00,,,,,,
FVJN,2019-12-20 05:00,,,,,,
FVJN,2019-12-20 07:00,,,,,,
FVJN,2019-12-20 08:00,,,,,,
FVJN,2019-12-20 09:00,,,,,,
FVJN,2019-12-20 10:00,,,,,,
FVJN,2019-12-21 05:00,,,,,,
FVJN,2019-12-21 06:00,,,,,,
FVJN,2019-12-21 07:00,,,,,,
FVJN,2019-12-22 15:00,,,,,,
FVJN,2019-12-22 16:00,,,,,,
FVJN,2019-12-22 17:00,,,,,,
FVJN,2019-12-22 18:00,,,,,,
FVJN,2019-12-22 19:00,,,,,,
FVJN,2019-12-22 20:00,,,,,,
FVJN,2019-12-23 07:00,FEW,,,1500.00,,
FVJN,2019-12-23 12:00,,,,,,
FVJN,2019-12-24 03:00,,,,,,
FVJN,2019-12-26 06:00,,,,,,
FVJN,2019-12-26 07:00,,,,,,
FVJN,2019-12-26 09:00,,,,,,
FVJN,2019-12-27 06:00,,,,,,
FVJN,2019-12-27 08:00,,,,,,
FVJN,2019-12-27 09:00,,,,,,
FVJN,2019-12-27 11:00,,,,,,
FVJN,2019-12-27 12:00,SCT,,,6000.00,,
FVJN,2019-12-27 17:00,FEW,SCT,,5000.00,10000.00,
FVJN,2019-12-28 07:00,BKN,,,1600.00,,
FVJN,2019-12-28 12:00,SCT,,,3500.00,,
FVJN,2019-12-28 13:00,SCT,,,3500.00,,
FVJN,2019-12-28 15:00,SCT,,,3500.00,,
FVJN,2019-12-29 03:00,OVC,,,800.00,,
FVJN,2019-12-29 12:00,,,,,,
FVJN,2019-12-29 14:00,,,,,,
FVJN,2019-12-30 03:00,,,,,,
FVJN,2020-01-01 05:00,,,,,,
FVJN,2020-01-01 06:00,,,,,,
FVJN,2020-01-01 07:00,,,,,,
FVJN,2020-01-01 09:00,,,,,,
FVJN,2020-01-02 06:00,,,,,,
FVJN,2020-01-02 07:00,,,,,,
FVJN,2020-01-02 09:00,,,,,,
FVJN,2020-01-02 10:00,,,,,,
FVJN,2020-01-03 18:00,,,,,,
FVJN,2020-01-03 19:00,,,,,,
FVJN,2020-01-04 10:00,,,,,,
FVJN,2020-01-04 11:00,,,,,,
FVJN,2020-01-04 12:00,,,,,,
FVJN,2020-01-04 13:00,,,,,,
FVJN,2020-01-04 14:00,,,,,,
FVJN,2020-01-04 15:00,,,,,,
FVJN,2020-01-04 17:00,,,,,,
FVJN,2020-01-04 18:00,,,,,,
FVJN,2020-01-05 03:00,,,,,,
FVJN,2020-01-06 10:00,,,,,,
FVJN,2020-01-07 07:00,FEW,SCT,,3500.00,30000.00,
FVJN,2020-01-07 08:00,SCT,SCT,,4000.00,30000.00,
FVJN,2020-01-07 09:00,,,,,,
FVJN,2020-01-07 10:00,,,,,,
FVJN,2020-01-08 03:00,FEW,SCT,BKN,1000.00,9000.00,30000.00
FVJN,2020-01-08 04:00,,,,,,
FVJN,2020-01-08 05:00,,,,,,
FVJN,2020-01-08 06:00,,,,,,
FVJN,2020-01-08 09:00,,,,,,
FVJN,2020-01-09 08:00,BKN,BKN,,1000.00,9000.00,
FVJN,2020-01-09 16:00,FEW,BKN,,3000.00,9000.00,
FVJN,2020-01-10 08:00,,,,,,
FVJN,2020-01-10 14:00,FEW,SCT,BKN,4000.00,5000.00,9000.00
FVJN,2020-01-12 03:00,,,,,,
FVJN,2020-01-13 03:00,,,,,,
FVJN,2020-01-13 04:00,,,,,,
FVJN,2020-01-13 05:00,,,,,,
FVJN,2020-01-13 06:00,FEW,,,2000.00,,
FVJN,2020-01-13 07:00,SCT,,,3000.00,,
FVJN,2020-01-13 08:00,BKN,,,3500.00,,
FVJN,2020-01-13 11:00,FEW,SCT,,4500.00,5000.00,
FVJN,2020-01-13 12:00,FEW,,,5000.00,,
FVJN,2020-01-13 13:00,FEW,,,6000.00,,
FVJN,2020-01-14 04:00,FEW,,,2000.00,,
FVJN,2020-01-14 05:00,FEW,,,1200.00,,
FVJN,2020-01-14 06:00,FEW,,,2000.00,,
FVJN,2020-01-14 08:00,BKN,SCT,,4000.00,30000.00,
FVJN,2020-01-15 06:00,BKN,,,1000.00,,
FVJN,2020-01-15 10:00,SCT,BKN,,2000.00,30000.00,
FVJN,2020-01-15 11:00,SCT,BKN,,2000.00,30000.00,
FVJN,2020-01-15 12:00,SCT,BKN,,2000.00,30000.00,
FVJN,2020-01-16 08:00,BKN,BKN,,2000.00,9000.00,
FVJN,2020-01-16 09:00,BKN,,,2000.00,,
FVJN,2020-01-16 10:00,BKN,,,2000.00,,
FVJN,2020-01-16 11:00,SCT,BKN,,2000.00,9000.00,
FVJN,2020-01-16 14:00,BKN,BKN,,2000.00,9000.00,
FVJN,2020-01-16 15:00,BKN,BKN,,2000.00,9000.00,
FVJN,2020-01-16 18:00,FEW,BKN,,2000.00,9000.00,
FVJN,2020-01-16 19:00,,,,,,
FVJN,2020-01-17 03:00,,,,,,
FVJN,2020-01-17 07:00,SCT,BKN,,2000.00,9000.00,
FVJN,2020-01-19 12:00,,,,,,
FVJN,2020-01-19 13:00,,,,,,
FVJN,2020-01-19 14:00,,,,,,
FVJN,2020-01-20 10:00,OVC,,,1000.00,,
FVJN,2020-01-21 09:00,SCT,BKN,,2000.00,9000.00,
FVJN,2020-01-22 11:00,,,,,,
FVJN,2020-01-22 15:00,,,,,,
FVJN,2020-01-22 16:00,,,,,,
FVJN,2020-01-22 17:00,,,,,,
FVJN,2020-01-22 18:00,,,,,,
FVJN,2020-01-23 03:00,,,,,,
FVJN,2020-01-23 15:00,,,,,,
FVJN,2020-01-23 17:00,,,,,,
FVJN,2020-01-24 03:00,,,,,,
FVJN,2020-01-26 07:00,,,,,,
FVJN,2020-01-26 09:00,,,,,,
FVJN,2020-01-26 11:00,,,,,,
FVJN,2020-01-26 14:00,,,,,,
FVJN,2020-01-26 15:00,,,,,,
FVJN,2020-01-27 04:00,,,,,,
FVJN,2020-01-27 05:00,,,,,,
FVJN,2020-01-27 06:00,,,,,,
FVJN,2020-01-27 07:00,,,,,,
FVJN,2020-01-27 08:00,,,,,,
FVJN,2020-01-27 09:00,,,,,,
FVJN,2020-01-27 10:00,,,,,,
FVJN,2020-01-27 11:00,,,,,,
FVJN,2020-01-27 12:00,,,,,,
FVJN,2020-01-27 14:00,,,,,,
FVJN,2020-01-27 15:00,,,,,,
FVJN,2020-01-27 17:00,,,,,,
FVJN,2020-01-28 04:00,BKN,,,600.00,,
FVJN,2020-01-28 05:00,OVC,,,600.00,,
FVJN,2020-01-28 07:00,OVC,,,600.00,,
FVJN,2020-01-28 10:00,BKN,,,800.00,,
FVJN,2020-01-28 14:00,SCT,,,3500.00,,
FVJN,2020-01-29 03:00,,,,,,
FVJN,2020-01-31 03:00,,,,,,
FVJN,2020-01-31 05:00,,,,,,
FVJN,2020-01-31 06:00,,,,,,
FVJN,2020-01-31 10:00,,,,,,
FVJN,2020-02-02 05:00,,,,,,
FVJN,2020-02-03 10:00,,,,,,
FVJN,2020-02-03 14:00,SCT,SCT,,5000.00,9000.00,
FVJN,2020-02-03 15:00,SCT,SCT,,5000.00,9000.00,
FVJN,2020-02-03 18:00,,,,,,
FVJN,2020-02-03 19:00,,,,,,
FVJN,2020-02-04 07:00,FEW,,,2000.00,,
FVJN,2020-02-04 08:00,SCT,,,3000.00,,
FVJN,2020-02-04 09:00,SCT,,,4000.00,,
FVJN,2020-02-04 10:00,,,,,,
FVJN,2020-02-04 12:00,,,,,,
FVJN,2020-02-04 14:00,FEW,SCT,,5000.00,6000.00,
FVJN,2020-02-04 15:00,FEW,SCT,,5000.00,6000.00,
FVJN,2020-02-04 16:00,FEW,BKN,,5000.00,30000.00,
FVJN,2020-02-04 19:00,FEW,,,5000.00,,
FVJN,2020-02-05 04:00,,,,,,
FVJN,2020-02-05 05:00,,,,,,
FVJN,2020-02-05 06:00,,,,,,
FVJN,2020-02-05 07:00,FEW,BKN,,3000.00,9000.00,
FVJN,2020-02-05 09:00,FEW,BKN,,3000.00,3500.00,
FVJN,2020-02-05 10:00,FEW,SCT,,3000.00,3500.00,
FVJN,2020-02-05 11:00,FEW,SCT,,3000.00,3500.00,
FVJN,2020-02-05 12:00,FEW,BKN,,3000.00,9000.00,
FVJN,2020-02-05 16:00,FEW,BKN,,3000.00,9000.00,
FVJN,2020-02-06 03:00,,,,,,
FVJN,2020-02-06 04:00,,,,,,
FVJN,2020-02-06 06:00,,,,,,
FVJN,2020-02-06 07:00,,,,,,
FVJN,2020-02-06 08:00,,,,,,
FVJN,2020-02-06 12:00,FEW,SCT,BKN,4000.00,5000.00,9000.00
FVJN,2020-02-06 13:00,FEW,SCT,BKN,4000.00,5000.00,9000.00
FVJN,2020-02-06 15:00,FEW,BKN,,4000.00,9000.00,
FVJN,2020-02-07 07:00,,,,,,
FVJN,2020-02-07 11:00,FEW,BKN,,2500.00,3000.00,
FVJN,2020-02-07 18:00,FEW,BKN,,2500.00,8000.00,
FVJN,2020-02-07 19:00,FEW,BKN,,2500.00,8000.00,
FVJN,2020-02-08 04:00,,,,,,
FVJN,2020-02-08 06:00,FEW,,,1000.00,,
FVJN,2020-02-08 07:00,SCT,SCT,,1600.00,9000.00,
FVJN,2020-02-08 09:00,BKN,BKN,,3000.00,9000.00,
FVJN,2020-02-08 12:00,FEW,SCT,,2500.00,3000.00,
FVJN,2020-02-09 06:00,FEW,BKN,,1500.00,9000.00,
FVJN,2020-02-09 09:00,SCT,BKN,,2000.00,9000.00,
FVJN,2020-02-10 06:00,SCT,BKN,,800.00,9000.00,
FVJN,2020-02-10 08:00,BKN,,,1200.00,,
FVJN,2020-02-10 15:00,OVC,,,8000.00,,
FVJN,2020-02-10 16:00,SCT,OVC,,500.00,8000.00,
FVJN,2020-02-11 05:00,BKN,,,800.00,,
FVJN,2020-02-11 06:00,BKN,,,800.00,,
FVJN,2020-02-11 07:00,BKN,,,800.00,,
FVJN,2020-02-11 12:00,BKN,BKN,,1700.00,9000.00,
FVJN,2020-02-11 18:00,BKN,,,2000.00,,
FVJN,2020-02-11 19:00,BKN,,,2000.00,,
FVJN,2020-02-13 06:00,BKN,,,800.00,,
FVJN,2020-02-13 12:00,BKN,,,2500.00,,
FVJN,2020-02-13 13:00,SCT,BKN,,3000.00,9000.00,
FVJN,2020-02-13 17:00,SCT,,,3000.00,,
FVJN,2020-02-13 18:00,SCT,,,2500.00,,
FVJN,2020-02-13 19:00,,,,,,
FVJN,2020-02-14 06:00,BKN,,,1000.00,,
FVJN,2020-02-14 07:00,SCT,,,1600.00,,
FVJN,2020-02-14 08:00,FEW,,,3000.00,,
FVJN,2020-02-14 09:00,FEW,,,3500.00,,
FVJN,2020-02-14 10:00,FEW,,,4000.00,,
FVJN,2020-02-14 11:00,FEW,,,4500.00,,
FVJN,2020-02-14 12:00,,,,,,
FVJN,2020-02-14 14:00,,,,,,
FVJN,2020-02-14 16:00,,,,,,
FVJN,2020-02-14 17:00,,,,,,
FVJN,2020-02-15 06:00,,,,,,
FVJN,2020-02-15 07:00,FEW,,,2000.00,,
FVJN,2020-02-15 08:00,BKN,,,3000.00,,
FVJN,2020-02-15 09:00,BKN,,,3500.00,,
FVJN,2020-02-15 18:00,FEW,SCT,,3500.00,9000.00,
FVJN,2020-02-16 03:00,,,,,,
FVJN,2020-02-16 04:00,BKN,,,8000.00,,
FVJN,2020-02-16 05:00,BKN,,,8000.00,,
FVJN,2020-02-16 12:00,BKN,SCT,,3500.00,8000.00,
FVJN,2020-02-16 13:00,FEW,SCT,,3000.00,3500.00,
FVJN,2020-02-16 14:00,FEW,,,3000.00,,
FVJN,2020-02-16 16:00,FEW,SCT,,3000.00,8000.00,
FVJN,2020-02-16 17:00,FEW,SCT,,3000.00,8000.00,
FVJN,2020-02-17 15:00,FEW,,,6000.00,,
FVJN,2020-02-17 18:00,FEW,SCT,,5000.00,9000.00,
FVJN,2020-02-20 07:00,FEW,SCT,,1500.00,9000.00,
FVJN,2020-02-20 08:00,FEW,,,2000.00,,
FVJN,2020-02-20 09:00,SCT,,,4000.00,,
FVJN,2020-02-20 10:00,,,,,,
FVJN,2020-02-20 15:00,,,,,,
FVJN,2020-02-20 16:00,,,,,,
FVJN,2020-02-21 04:00,,,,,,
FVJN,2020-02-21 06:00,,,,,,
FVJN,2020-02-21 09:00,FEW,SCT,,4500.00,30000.00,
FVJN,2020-02-21 10:00,,,,,,
FVJN,2020-02-21 11:00,,,,,,
FVJN,2020-02-21 12:00,,,,,,
FVJN,2020-02-21 14:00,,,,,,
FVJN,2020-02-22 04:00,,,,,,
FVJN,2020-02-22 05:00,FEW,BKN,,1000.00,30000.00,
FVJN,2020-02-22 08:00,FEW,,,3500.00,,
FVJN,2020-02-22 10:00,SCT,,,4500.00,,
FVJN,2020-02-22 11:00,SCT,,,4500.00,,
FVJN,2020-02-22 12:00,,,,,,
FVJN,2020-02-23 11:00,FEW,BKN,,1000.00,8000.00,
FVJN,2020-02-23 12:00,FEW,BKN,,1500.00,9000.00,
FVJN,2020-02-23 13:00,,,,,,
FVJN,2020-02-23 15:00,,,,,,
FVJN,2020-02-23 16:00,,,,,,
FVJN,2020-02-23 17:00,FEW,BKN,,1000.00,30000.00,
FVJN,2020-02-23 18:00,FEW,BKN,,1000.00,30000.00,
FVJN,2020-02-24 11:00,BKN,,,1600.00,,
FVJN,2020-02-24 13:00,BKN,,,1600.00,,
FVJN,2020-02-25 03:00,BKN,,,600.00,,
FVJN,2020-02-25 04:00,BKN,,,600.00,,
FVJN,2020-02-25 06:00,OVC,,,600.00,,
FVJN,2020-02-25 16:00,FEW,,,4000.00,,
FVJN,2020-02-26 08:00,,,,,,
FVJN,2020-02-26 13:00,,,,,,
FVJN,2020-02-27 05:00,,,,,,
FVJN,2020-02-27 06:00,,,,,,
FVJN,2020-02-27 08:00,,,,,,
FVJN,2020-02-27 10:00,,,,,,
FVJN,2020-02-27 12:00,,,,,,
FVJN,2020-02-28 04:00,,,,,,
FVJN,2020-02-28 05:00,,,,,,
FVJN,2020-02-28 06:00,,,,,,
FVJN,2020-02-28 07:00,,,,,,
FVJN,2020-02-28 09:00,FEW,,,4000.00,,
FVJN,2020-02-29 06:00,BKN,,,800.00,,
FVJN,2020-02-29 09:00,BKN,,,,,
FVJN,2020-03-01 13:00,BKN,,,3000.00,,
FVJN,2020-03-01 18:00,BKN,,,3000.00,,
FVJN,2020-03-01 19:00,SCT,,,3000.00,,
FVJN,2020-03-02 06:00,,,,,,
FVJN,2020-03-02 08:00,FEW,BKN,,2500.00,9000.00,
FVJN,2020-03-02 12:00,SCT,BKN,,4500.00,10000.00,
FVJN,2020-03-02 13:00,SCT,BKN,,4500.00,10000.00,
FVJN,2020-03-02 15:00,SCT,BKN,,4500.00,9000.00,
FVJN,2020-03-02 16:00,BKN,,,9000.00,,
FVJN,2020-03-04 06:00,,,,,,
FVJN,2020-03-04 09:00,BKN,SCT,,2000.00,9000.00,
FVJN,2020-03-04 10:00,BKN,SCT,,2000.00,9000.00,
FVJN,2020-03-04 11:00,BKN,,,3000.00,,
FVJN,2020-03-04 12:00,BKN,,,3000.00,,
FVJN,2020-03-04 13:00,BKN,,,3000.00,,
FVJN,2020-03-05 05:00,,,,,,
FVJN,2020-03-05 12:00,BKN,,,4000.00,,
FVJN,2020-03-05 13:00,BKN,,,4000.00,,
FVJN,2020-03-05 14:00,SCT,,,4000.00,,
FVJN,2020-03-05 18:00,,,,,,
FVJN,2020-03-05 19:00,,,,,,
FVJN,2020-03-06 04:00,,,,,,
FVJN,2020-03-06 05:00,,,,,,
FVJN,2020-03-06 06:00,FEW,,,2000.00,,
FVJN,2020-03-06 15:00,,,,,,
FVJN,2020-03-06 17:00,,,,,,
FVJN,2020-03-07 03:00,,,,,,
FVJN,2020-03-07 04:00,FEW,,,1000.00,,
FVJN,2020-03-07 05:00,FEW,,,1000.00,,
FVJN,2020-03-07 06:00,SCT,,,1200.00,,
FVJN,2020-03-07 07:00,BKN,,,1200.00,,
FVJN,2020-03-07 09:00,SCT,,,2000.00,,
FVJN,2020-03-07 11:00,BKN,,,2500.00,,
FVJN,2020-03-08 03:00,SCT,,,800.00,,
FVJN,2020-03-08 12:00,SCT,BKN,,4500.00,5000.00,
FVJN,2020-03-10 06:00,,,,,,
FVJN,2020-03-10 08:00,FEW,,,4000.00,,
FVJN,2020-03-10 09:00,SCT,,,4500.00,,
FVJN,2020-03-10 10:00,,,,,,
FVJN,2020-03-10 11:00,,,,,,
FVJN,2020-03-11 15:00,FEW,SCT,,4000.00,10000.00,
FVJN,2020-03-11 16:00,FEW,SCT,,4000.00,10000.00,
FVJN,2020-03-11 18:00,,,,,,
FVJN,2020-03-12 03:00,,,,,,
FVJN,2020-03-12 04:00,,,,,,
FVJN,2020-03-12 07:00,,,,,,
FVJN,2020-03-12 08:00,,,,,,
FVJN,2020-03-12 09:00,FEW,,,4500.00,,
FVJN,2020-03-12 11:00,,,,,,
FVJN,2020-03-12 12:00,,,,,,
FVJN,2020-03-12 13:00,,,,,,
FVJN,2020-03-12 15:00,,,,,,
FVJN,2020-03-12 16:00,,,,,,
FVJN,2020-03-12 17:00,,,,,,
FVJN,2020-03-13 07:00,,,,,,
FVJN,2020-03-14 12:00,FEW,BKN,,3500.00,9000.00,
FVJN,2020-03-14 14:00,FEW,BKN,,3500.00,9000.00,
FVJN,2020-03-14 15:00,FEW,BKN,,3500.00,9000.00,
FVJN,2020-03-14 16:00,FEW,BKN,,3500.00,9000.00,
FVJN,2020-03-15 05:00,,,,,,
FVJN,2020-03-15 06:00,,,,,,
FVJN,2020-03-15 09:00,,,,,,
FVJN,2020-03-15 12:00,,,,,,
FVJN,2020-03-15 15:00,,,,,,
FVJN,2020-03-15 16:00,,,,,,
FVJN,2020-03-15 17:00,,,,,,
FVJN,2020-03-15 18:00,,,,,,
FVJN,2020-03-16 04:00,,,,,,
FVJN,2020-03-16 05:00,,,,,,
FVJN,2020-03-16 06:00,NSC,,,,,
FVJN,2020-03-16 12:00,,,,,,
FVJN,2020-03-16 14:00,,,,,,
FVJN,2020-03-16 16:00,,,,,,
FVJN,2020-03-17 03:00,,,,,,
FVJN,2020-03-17 04:00,FEW,,,800.00,,
FVJN,2020-03-17 08:00,BKN,,,1200.00,,
FVJN,2020-03-17 09:00,BKN,,,1600.00,,
FVJN,2020-03-17 12:00,SCT,SCT,,3000.00,9000.00,
FVJN,2020-03-18 04:00,BKN,,,1000.00,,
FVJN,2020-03-18 05:00,BKN,,,1000.00,,
FVJN,2020-03-18 06:00,BKN,,,1000.00,,
FVJN,2020-03-18 07:00,BKN,,,1200.00,,
FVJN,2020-03-18 09:00,SCT,,,2000.00,,
FVJN,2020-03-18 16:00,SCT,,,4000.00,,
FVJN,2020-03-21 09:00,,,,,,
FVJN,2020-03-21 12:00,,,,,,
FVJN,2020-03-21 14:00,,,,,,
FVJN,2020-03-22 04:00,,,,,,
FVJN,2020-03-22 05:00,,,,,,
FVJN,2020-03-22 07:00,,,,,,
FVJN,2020-03-22 08:00,,,,,,
FVJN,2020-03-22 09:00,,,,,,
FVJN,2020-03-22 10:00,,,,,,
FVJN,2020-03-23 09:00,,,,,,
FVJN,2020-03-24 07:00,,,,,,
FVJN,2020-03-24 09:00,,,,,,
FVJN,2020-03-24 10:00,,,,,,
FVJN,2020-03-24 12:00,,,,,,
FVJN,2020-03-24 14:00,,,,,,
FVJN,2020-03-24 15:00,,,,,,
FVJN,2020-03-24 16:00,,,,,,
FVJN,2020-03-25 03:00,,,,,,
FVJN,2020-03-25 12:00,,,,,,
FVJN,2020-03-25 13:00,,,,,,
FVJN,2020-03-25 17:00,,,,,,
FVJN,2020-03-25 18:00,,,,,,
FVJN,2020-03-26 18:00,,,,,,
FVJN,2020-03-27 11:00,,,,,,
FVJN,2020-03-28 05:00,OVC,,,600.00,,
FVJN,2020-03-28 07:00,OVC,,,600.00,,
FVJN,2020-03-28 08:00,OVC,,,800.00,,
FVJN,2020-03-28 09:00,BKN,,,2500.00,,
FVJN,2020-03-29 06:00,,,,,,
FVJN,2020-03-29 07:00,FEW,,,3500.00,,
FVJN,2020-03-29 09:00,,,,,,
FVJN,2020-03-29 10:00,,,,,,
FVJN,2020-04-02 11:00,SCT,,,4500.00,,
FVJN,2020-04-02 12:00,,,,,,
FVJN,2020-04-02 13:00,,,,,,
FVJN,2020-04-02 14:00,,,,,,
FVJN,2020-04-02 15:00,,,,,,
FVJN,2020-04-02 16:00,,,,,,
FVJN,2020-04-04 14:00,,,,,,
FVJN,2020-04-05 06:00,FEW,SCT,,1000.00,10000.00,
FVJN,2020-04-05 07:00,,,,,,
FVJN,2020-04-05 08:00,SCT,,,3000.00,,
FVJN,2020-04-05 09:00,BKN,,,4000.00,,
FVJN,2020-04-05 11:00,,,,,,
FVJN,2020-04-05 14:00,,,,,,
FVJN,2020-04-06 09:00,,,,,,
FVJN,2020-04-07 09:00,,,,,,
FVJN,2020-04-08 15:00,FEW,BKN,,5000.00,8000.00,
FVJN,2020-04-10 11:00,,,,,,
FVJN,2020-04-10 12:00,,,,,,
FVJN,2020-04-10 13:00,,,,,,
FVJN,2020-04-10 14:00,,,,,,
FVJN,2020-04-10 15:00,,,,,,
FVJN,2020-04-12 12:00,,,,,,
FVJN,2020-04-13 12:00,,,,,,
FVJN,2020-04-14 10:00,,,,,,
FVJN,2020-04-14 12:00,,,,,,
FVJN,2020-04-14 15:00,,,,,,
FVJN,2020-04-18 12:00,FEW,,,4000.00,,
FVJN,2020-04-22 06:00,,,,,,
FVJN,2020-04-24 09:00,,,,,,
FVJN,2020-04-25 12:00,,,,,,
FVJN,2020-04-27 12:00,,,,,,
FVJN,2020-04-27 15:00,,,,,,
FVJN,2020-04-29 09:00,,,,,,
FVJN,2020-04-29 12:00,,,,,,
FVJN,2020-04-30 06:00,,,,,,
FVJN,2020-05-03 09:00,,,,,,
FVJN,2020-05-03 15:00,,,,,,
FVJN,2020-05-09 10:00,,,,,,
FVJN,2020-05-13 09:00,,,,,,
FVJN,2020-05-14 12:00,,,,,,
FVJN,2020-05-14 15:00,,,,,,
FVJN,2020-05-15 15:00,,,,,,
FVJN,2020-05-20 14:00,,,,,,
FVJN,2020-05-20 15:00,,,,,,
FVJN,2020-05-21 12:00,,,,,,
FVJN,2020-05-24 12:00,,,,,,
FVJN,2020-05-24 15:00,,,,,,
FVJN,2020-05-26 09:00,,,,,,
FVJN,2020-06-01 12:00,,,,,,
FVJN,2020-06-05 06:00,,,,,,
FVJN,2020-06-11 06:00,,,,,,
FVJN,2020-06-17 12:00,,,,,,
FVJN,2020-06-17 15:00,,,,,,
FVJN,2020-06-18 09:00,SCT,,,2000.00,,
FVJN,2020-06-18 12:00,BKN,,,3000.00,,
FVJN,2020-06-19 09:00,SCT,,,1600.00,,
FVJN,2020-06-20 06:00,BKN,,,800.00,,
FVJN,2020-06-22 09:00,,,,,,
FVJN,2020-06-28 09:00,,,,,,
FVJN,2020-06-28 12:00,,,,,,
FVJN,2020-07-04 12:00,,,,,,
FVJN,2020-07-05 12:00,,,,,,
FVJN,2020-07-05 15:00,,,,,,
FVJN,2020-07-06 09:00,,,,,,
FVJN,2020-07-07 06:00,,,,,,
FVJN,2020-07-07 11:00,,,,,,
FVJN,2020-07-10 15:00,BKN,,,3000.00,,
FVJN,2020-07-11 06:00,,,,,,
FVJN,2020-07-12 06:00,,,,,,
FVJN,2020-07-13 09:00,,,,,,
FVJN,2020-07-21 06:00,,,,,,
FVJN,2020-07-21 09:00,,,,,,
FVJN,2020-07-24 06:00,BKN,,,2000.00,,
FVJN,2020-07-25 06:00,FEW,,,1500.00,,
FVJN,2020-07-26 09:00,,,,,,
FVJN,2020-07-27 06:00,,,,,,
FVJN,2020-08-03 12:00,,,,,,
FVJN,2020-08-05 09:00,,,,,,
FVJN,2020-08-08 06:00,BKN,,,800.00,,
FVJN,2020-08-08 12:00,,,,,,
FVJN,2020-08-10 12:00,,,,,,
FVJN,2020-08-12 09:00,,,,,,
FVJN,2020-08-13 06:00,,,,,,
FVJN,2020-08-14 12:00,,,,,,
FVJN,2020-08-30 09:00,FEW,,,10000.00,,
FVJN,2020-09-02 09:00,BKN,,,1000.00,,
FVJN,2020-09-02 12:00,SCT,,,2000.00,,
FVJN,2020-09-02 15:00,FEW,,,2000.00,,
FVJN,2020-09-08 15:00,,,,,,
FVJN,2020-09-14 09:00,,,,,,
FVJN,2020-09-19 06:00,,,,,,
FVJN,2020-10-14 06:00,FEW,,,1000.00,,
FVJN,2020-10-24 15:00,,,,,,
FVJN,2020-10-28 12:00,,,,,,
FVJN,2020-10-28 13:00,,,,,,
FVJN,2020-10-28 15:00,,,,,,
FVJN,2020-10-29 10:00,,,,,,
FVJN,2020-10-29 12:00,,,,,,
FVJN,2020-10-29 13:00,,,,,,
FVJN,2020-10-29 15:00,,,,,,
FVJN,2020-10-30 06:00,,,,,,
FVJN,2020-11-04 12:00,FEW,BKN,,4000.00,9000.00,
FVJN,2020-11-04 16:00,FEW,,,4500.00,,
FVJN,2020-11-13 08:00,FEW,SCT,,4000.00,30000.00,
FVJN,2021-01-08 06:00,BKN,,,1200.00,,
FVJN,2021-01-08 07:00,BKN,,,2000.00,,
FVJN,2021-01-26 13:00,FEW,SCT,,1400.00,9000.00,
FVJN,2021-01-28 09:00,SCT,,,3500.00,,
FVJN,2021-01-29 06:00,FEW,BKN,,1000.00,9000.00,
FVJN,2021-01-29 09:00,FEW,FEW,BKN,2300.00,2500.00,30000.00
FVJN,2021-01-30 05:00,,,,,,
FVJN,2021-01-31 12:00,SCT,BKN,,3500.00,30000.00,
FVJN,2021-01-31 15:00,SCT,BKN,,3500.00,30000.00,
FVJN,2021-02-01 08:00,SCT,BKN,,3000.00,30000.00,
FVJN,2021-02-01 12:00,FEW,BKN,,2500.00,30000.00,
FVJN,2021-02-01 15:00,FEW,BKN,,3000.00,30000.00,
FVJN,2021-02-02 04:00,BKN,,,8000.00,,
FVJN,2021-02-02 07:00,FEW,BKN,,1000.00,8000.00,
FVJN,2021-02-03 05:00,FEW,BKN,,1000.00,9000.00,
FVJN,2021-02-03 07:00,BKN,,,2000.00,,
FVJN,2021-02-03 09:00,BKN,,,2500.00,,
FVJN,2021-02-04 04:00,,,,,,
FVJN,2021-02-04 05:00,,,,,,
FVJN,2021-02-04 06:00,FEW,,,1000.00,,
FVJN,2021-02-04 07:00,SCT,,,2000.00,,
FVJN,2021-02-04 08:00,SCT,,,2500.00,,
FVJN,2021-02-04 09:00,BKN,,,3000.00,,
FVJN,2021-02-08 08:00,BKN,,,3000.00,,
FVJN,2021-02-08 09:00,BKN,,,3000.00,,
FVJN,2021-02-08 10:00,FEW,BKN,,3000.00,3500.00,
FVJN,2021-02-09 06:00,BKN,BKN,,1000.00,30000.00,
FVJN,2021-02-09 07:00,SCT,BKN,,2500.00,30000.00,
FVJN,2021-02-11 10:00,BKN,,,3500.00,,
FVJN,2021-02-12 09:00,SCT,,,4000.00,,
FVJN,2021-02-12 10:00,SCT,,,4000.00,,
FVJN,2021-02-12 11:00,,,,,,
FVJN,2021-02-13 13:00,SCT,SCT,,3000.00,9000.00,
FVJN,2021-02-13 14:00,SCT,SCT,,3000.00,9000.00,
FVJN,2021-02-13 15:00,FEW,SCT,,2500.00,3000.00,
FVJN,2021-02-15 05:00,OVC,,,500.00,,
FVJN,2021-02-15 07:00,SCT,,,1000.00,,
FVJN,2021-02-16 05:00,OVC,,,800.00,,
FVJN,2021-02-16 10:00,BKN,BKN,,1600.00,8000.00,
FVJN,2021-02-17 05:00,BKN,,,600.00,,
FVJN,2021-02-17 06:00,BKN,,,600.00,,
FVJN,2021-02-18 07:00,FEW,SCT,,1500.00,8000.00,
FVJN,2021-02-18 09:00,FEW,,,3000.00,,
FVJN,2021-02-18 12:00,SCT,,,4000.00,,
FVJN,2021-02-22 08:00,SCT,SCT,,2500.00,30000.00,
FVJN,2021-02-22 09:00,SCT,BKN,,2500.00,30000.00,
FVJN,2021-02-23 06:00,BKN,,,800.00,,
FVJN,2021-02-23 10:00,BKN,,,3500.00,,
FVJN,2021-02-24 06:00,FEW,,,1200.00,,
FVJN,2021-02-24 09:00,BKN,,,3000.00,,
FVJN,2021-02-24 10:00,BKN,,,3000.00,,
FVJN,2021-02-24 12:00,SCT,,,3000.00,,
FVJN,2021-02-24 14:00,SCT,,,3000.00,,
FVJN,2021-02-25 04:00,,,,,,
FVJN,2021-02-25 05:00,,,,,,
FVJN,2021-02-25 06:00,SCT,SCT,,1000.00,30000.00,
FVJN,2021-02-25 07:00,BKN,,,1600.00,,
FVJN,2021-02-25 08:00,SCT,,,2000.00,,
FVJN,2021-02-25 09:00,SCT,,,2500.00,,
FVJN,2021-03-01 06:00,BKN,,,600.00,,
FVJN,2021-03-01 07:00,BKN,,,600.00,,
FVJN,2021-03-04 14:00,,,,,,
FVJN,2021-03-06 08:00,FEW,,,3000.00,,
FVJN,2021-03-06 10:00,SCT,,,4500.00,,
FVJN,2021-03-07 05:00,,,,,,
FVJN,2021-03-07 07:00,FEW,,,3000.00,,
FVJN,2021-03-07 09:00,,,,,,
FVJN,2021-03-07 12:00,,,,,,
FVJN,2021-03-08 13:00,,,,,,
FVJN,2021-03-09 06:00,,,,,,
FVJN,2021-03-09 09:00,,,,,,
FVJN,2021-03-09 10:00,,,,,,
FVJN,2021-03-09 11:00,,,,,,
FVJN,2021-03-10 05:00,,,,,,
FVJN,2021-03-10 06:00,,,,,,
FVJN,2021-03-10 07:00,,,,,,
FVJN,2021-03-10 08:00,,,,,,
FVJN,2021-03-11 06:00,,,,,,
FVJN,2021-03-15 06:00,FEW,,,1500.00,,
FVJN,2021-03-15 08:00,FEW,,,3500.00,,
FVJN,2021-03-15 09:00,SCT,,,4000.00,,
FVJN,2021-03-15 11:00,,,,,,
FVJN,2021-03-16 05:00,,,,,,
FVJN,2021-03-16 07:00,,,,,,
FVJN,2021-03-16 09:00,BKN,,,4500.00,,
FVJN,2021-03-16 11:00,,,,,,
FVJN,2021-03-16 12:00,,,,,,
FVJN,2021-03-16 13:00,FEW,SCT,,4000.00,5600.00,
FVJN,2021-03-17 04:00,,,,,,
FVJN,2021-03-17 05:00,,,,,,
FVJN,2021-03-17 10:00,,,,,,
FVJN,2021-03-18 09:00,,,,,,
FVJN,2021-03-20 09:00,,,,,,
FVJN,2021-03-20 12:00,,,,,,
FVJN,2021-03-21 09:00,,,,,,
FVJN,2021-03-21 10:00,,,,,,
FVJN,2021-03-22 12:00,,,,,,
FVJN,2021-03-22 13:00,,,,,,
FVJN,2021-03-23 04:00,FEW,,,1000.00,,
FVJN,2021-03-23 05:00,SCT,,,1000.00,,
FVJN,2021-03-23 07:00,BKN,,,1200.00,,
FVJN,2021-03-26 09:00,BKN,,,3000.00,,
FVJN,2021-03-26 12:00,,,,,,
FVJN,2021-03-28 12:00,,,,,,
FVJN,2021-03-29 04:00,BKN,,,800.00,,
FVJN,2021-03-29 06:00,BKN,,,1000.00,,
FVJN,2021-03-29 07:00,BKN,,,1600.00,,
FVJN,2021-03-29 14:00,FEW,,,3000.00,,
FVJN,2021-03-30 08:00,FEW,,,3000.00,,
FVJN,2021-03-30 09:00,,,,,,
FVJN,2021-03-31 06:00,,,,,,
FVJN,2021-03-31 07:00,,,,,,
FVJN,2021-03-31 09:00,,,,,,
FVJN,2021-03-31 13:00,,,,,,
FVJN,2021-03-31 14:00,,,,,,
FVJN,2021-03-31 15:00,,,,,,
FVJN,2021-04-05 13:00,,,,,,
FVJN,2021-04-07 05:00,FEW,,,800.00,,
FVJN,2021-04-07 06:00,BKN,,,1000.00,,
FVJN,2021-04-07 08:00,FEW,,,3000.00,,
FVJN,2021-04-07 10:00,FEW,,,4000.00,,
FVJN,2021-04-08 12:00,,,,,,
FVJN,2021-04-08 13:00,,,,,,
FVJN,2021-04-09 11:00,,,,,,
FVJN,2021-04-09 14:00,,,,,,
FVJN,2021-04-09 15:00,,,,,,
FVJN,2021-04-11 08:00,FEW,,,4500.00,,
FVJN,2021-04-11 09:00,,,,,,
FVJN,2021-04-11 10:00,,,,,,
FVJN,2021-04-12 11:00,,,,,,
FVJN,2021-04-12 14:00,,,,,,
FVJN,2021-04-14 08:00,,,,,,
FVJN,2021-04-16 09:00,,,,,,
FVJN,2021-04-18 11:00,,,,,,
FVJN,2021-04-18 13:00,,,,,,
FVJN,2021-04-20 07:00,FEW,,,2500.00,,
FVJN,2021-04-20 10:00,SCT,,,3500.00,,
FVJN,2021-04-20 12:00,,,,,,
FVJN,2021-04-20 15:00,,,,,,
FVJN,2021-04-22 12:00,,,,,,
FVJN,2021-04-24 05:00,,,,,,
FVJN,2021-04-24 08:00,,,,,,
FVJN,2021-04-24 09:00,,,,,,
FVJN,2021-04-24 10:00,,,,,,
FVJN,2021-04-24 12:00,,,,,,
FVJN,2021-04-27 09:00,,,,,,
FVJN,2021-04-28 07:00,,,,,,
FVJN,2021-04-28 08:00,,,,,,
FVJN,2021-05-26 10:00,,,,,,
FVJN,2021-05-27 05:00,,,,,,
FVJN,2021-06-01 16:00,,,,,,
FVJN,2021-06-03 09:00,,,,,,
FVJN,2021-06-03 10:00,,,,,,
FVJN,2021-06-04 08:00,FEW,,,3000.00,,
FVJN,2021-06-04 09:00,FEW,,,4000.00,,
FVJN,2021-06-06 18:00,,,,,,
FVJN,2021-06-07 05:00,FEW,,,800.00,,
FVJN,2021-06-07 06:00,FEW,,,1000.00,,
FVJN,2021-06-07 08:00,BKN,,,1600.00,,
FVJN,2021-06-08 04:00,,,,,,
FVJN,2021-06-08 06:00,FEW,,,1600.00,,
FVJN,2021-06-08 07:00,FEW,,,2000.00,,
FVJN,2021-06-08 08:00,FEW,,,2000.00,,
FVJN,2021-06-08 09:00,SCT,,,4000.00,,
FVJN,2021-06-08 10:00,,,,,,
FVJN,2021-06-08 11:00,,,,,,
FVJN,2021-06-08 12:00,,,,,,
FVJN,2021-06-08 13:00,,,,,,
FVJN,2021-06-08 14:00,,,,,,
FVJN,2021-06-08 15:00,,,,,,
FVJN,2021-06-09 04:00,,,,,,
FVJN,2021-06-09 06:00,,,,,,
FVJN,2021-06-09 07:00,,,,,,
FVJN,2021-06-09 08:00,FEW,,,3000.00,,
FVJN,2021-06-09 14:00,,,,,,
FVJN,2021-06-09 15:00,,,,,,
FVJN,2021-06-10 12:00,,,,,,
FVJN,2021-06-10 14:00,,,,,,
FVJN,2021-06-11 06:00,,,,,,
FVJN,2021-06-11 09:00,,,,,,
FVJN,2021-06-13 10:00,,,,,,
FVJN,2021-06-14 07:00,,,,,,
FVJN,2021-06-14 08:00,,,,,,
FVJN,2021-06-14 10:00,,,,,,
FVJN,2021-06-14 11:00,,,,,,
FVJN,2021-06-14 12:00,,,,,,
FVJN,2021-06-14 13:00,,,,,,
FVJN,2021-06-14 15:00,,,,,,
FVJN,2021-06-14 17:00,,,,,,
FVJN,2021-06-14 18:00,,,,,,
FVJN,2021-06-14 19:00,,,,,,
FVJN,2021-06-15 06:00,,,,,,
FVJN,2021-06-15 09:00,,,,,,
FVJN,2021-06-17 12:00,,,,,,
FVJN,2021-06-17 14:00,,,,,,
FVJN,2021-06-18 15:00,,,,,,
FVJN,2021-06-19 04:00,BKN,,,800.00,,
FVJN,2021-06-19 05:00,BKN,,,800.00,,
FVJN,2021-06-19 07:00,SCT,BKN,,1600.00,10000.00,
FVJN,2021-06-21 07:00,BKN,,,1000.00,,
FVJN,2021-06-21 08:00,BKN,,,1600.00,,
FVJN,2021-06-23 06:00,,,,,,
FVJN,2021-06-23 11:00,,,,,,
FVJN,2021-06-23 15:00,,,,,,
FVJN,2021-06-23 17:00,,,,,,
FVJN,2021-06-24 11:00,,,,,,
FVJN,2021-06-24 13:00,,,,,,
FVJN,2021-06-25 14:00,,,,,,
FVJN,2021-06-25 15:00,,,,,,
FVJN,2021-06-25 16:00,,,,,,
FVJN,2021-06-26 04:00,,,,,,
FVJN,2021-06-26 05:00,,,,,,
FVJN,2021-06-28 13:00,,,,,,
FVJN,2021-06-28 15:00,,,,,,
FVJN,2021-06-29 08:00,,,,,,
FVJN,2021-06-29 10:00,,,,,,
FVJN,2021-06-30 07:00,,,,,,
FVJN,2021-06-30 08:00,,,,,,
FVJN,2021-06-30 09:00,,,,,,
FVJN,2021-06-30 11:00,,,,,,
FVJN,2021-06-30 12:00,,,,,,
FVJN,2021-06-30 13:00,,,,,,
FVJN,2021-06-30 14:00,,,,,,
FVJN,2021-06-30 15:00,,,,,,
FVJN,2021-07-01 04:00,,,,,,
FVJN,2021-07-01 06:00,,,,,,
FVJN,2021-07-01 07:00,,,,,,
FVJN,2021-07-05 11:00,,,,,,
FVJN,2021-07-05 12:00,,,,,,
FVJN,2021-07-05 13:00,,,,,,
FVJN,2021-07-05 14:00,,,,,,
FVJN,2021-07-05 15:00,,,,,,
FVJN,2021-07-06 04:00,SCT,,,800.00,,
FVJN,2021-07-06 05:00,BKN,,,800.00,,
FVJN,2021-07-09 07:00,,,,,,
FVJN,2021-07-09 08:00,,,,,,
FVJN,2021-07-10 13:00,,,,,,
FVJN,2021-07-10 15:00,,,,,,
FVJN,2021-07-12 11:00,,,,,,
FVJN,2021-07-12 13:00,,,,,,
FVJN,2021-07-12 14:00,,,,,,
FVJN,2021-07-12 15:00,,,,,,
FVJN,2021-07-13 04:00,,,,,,
FVJN,2021-07-13 06:00,,,,,,
FVJN,2021-07-15 06:00,BKN,,,600.00,,
FVJN,2021-07-15 08:00,BKN,,,800.00,,
FVJN,2021-07-15 10:00,BKN,,,1000.00,,
FVJN,2021-07-16 13:00,OVC,,,1000.00,,
FVJN,2021-07-16 14:00,OVC,,,1000.00,,
FVJN,2021-07-16 15:00,BKN,,,1000.00,,
FVJN,2021-07-16 17:00,FEW,,,1000.00,,
FVJN,2021-07-18 06:00,,,,,,
FVJN,2021-07-18 09:00,,,,,,
FVJN,2021-07-18 14:00,,,,,,
FVJN,2021-07-18 15:00,,,,,,
FVJN,2021-07-23 10:00,,,,,,
FVJN,2021-07-26 11:00,,,,,,
FVJN,2021-08-02 04:00,,,,,,
FVJN,2021-08-02 06:00,,,,,,
FVJN,2021-08-02 07:00,,,,,,
FVJN,2021-08-02 09:00,,,,,,
FVJN,2021-08-02 10:00,,,,,,
FVJN,2021-08-03 05:00,,,,,,
FVJN,2021-08-03 06:00,,,,,,
FVJN,2021-08-03 10:00,,,,,,
FVJN,2021-08-04 14:00,,,,,,
FVJN,2021-08-07 08:00,,,,,,
FVJN,2021-08-07 09:00,,,,,,
FVJN,2021-08-07 10:00,,,,,,
FVJN,2021-08-07 11:00,,,,,,
FVJN,2021-08-07 13:00,,,,,,
FVJN,2021-08-07 14:00,,,,,,
FVJN,2021-08-07 15:00,,,,,,
FVJN,2021-08-07 16:00,,,,,,
FVJN,2021-08-08 06:00,,,,,,
FVJN,2021-08-08 07:00,,,,,,
FVJN,2021-08-08 08:00,,,,,,
FVJN,2021-08-08 09:00,,,,,,
FVJN,2021-08-08 13:00,,,,,,
FVJN,2021-08-08 14:00,,,,,,
FVJN,2021-08-09 09:00,,,,,,
FVJN,2021-08-10 09:00,,,,,,
FVJN,2021-08-10 10:00,,,,,,
FVJN,2021-08-10 12:00,,,,,,
FVJN,2021-08-10 13:00,,,,,,
FVJN,2021-08-10 15:00,,,,,,
FVJN,2021-08-11 06:00,,,,,,
FVJN,2021-08-11 10:00,,,,,,
FVJN,2021-08-12 12:00,,,,,,
FVJN,2021-08-12 13:00,,,,,,
FVJN,2021-08-13 11:00,,,,,,
FVJN,2021-08-13 12:00,,,,,,
FVJN,2021-08-13 15:00,,,,,,
FVJN,2021-08-14 06:00,BKN,,,800.00,,
FVJN,2021-08-14 08:00,BKN,,,1200.00,,
FVJN,2021-08-15 04:00,BKN,,,800.00,,
FVJN,2021-08-15 06:00,BKN,,,1000.00,,
FVJN,2021-08-15 09:00,,,,,,
FVJN,2021-08-15 10:00,,,,,,
FVJN,2021-08-17 05:00,,,,,,
FVJN,2021-08-17 07:00,,,,,,
FVJN,2021-08-17 09:00,,,,,,
FVJN,2021-08-18 05:00,,,,,,
FVJN,2021-08-18 11:00,,,,,,
FVJN,2021-08-18 12:00,,,,,,
FVJN,2021-08-18 13:00,,,,,,
FVJN,2021-08-18 14:00,,,,,,
FVJN,2021-08-18 16:00,,,,,,
FVJN,2021-08-19 06:00,,,,,,
FVJN,2021-08-20 05:00,,,,,,
FVJN,2021-08-23 05:00,,,,,,
FVJN,2021-08-23 08:00,,,,,,
FVJN,2021-08-23 09:00,,,,,,
FVJN,2021-08-23 10:00,,,,,,
FVJN,2021-08-23 11:00,,,,,,
FVJN,2021-08-23 12:00,,,,,,
FVJN,2021-08-23 13:00,,,,,,
FVJN,2021-08-23 15:00,,,,,,
FVJN,2021-08-24 04:00,,,,,,
FVJN,2021-08-24 06:00,,,,,,
FVJN,2021-08-24 07:00,,,,,,
FVJN,2021-08-24 08:00,,,,,,
FVJN,2021-08-24 12:00,,,,,,
FVJN,2021-08-24 15:00,,,,,,
FVJN,2021-08-24 16:00,,,,,,
FVJN,2021-08-25 04:00,,,,,,
FVJN,2021-08-25 05:00,,,,,,
FVJN,2021-08-26 12:00,,,,,,
FVJN,2021-08-28 05:00,,,,,,
FVJN,2021-08-28 06:00,,,,,,
FVJN,2021-08-28 07:00,,,,,,
FVJN,2021-08-28 10:00,,,,,,
FVJN,2021-08-28 11:00,,,,,,
FVJN,2021-08-28 12:00,,,,,,
FVJN,2021-08-28 15:00,,,,,,
FVJN,2021-08-28 16:00,,,,,,
FVJN,2021-08-29 07:00,BKN,,,1800.00,,
FVJN,2021-08-29 08:00,BKN,,,2000.00,,
FVJN,2021-08-29 09:00,BKN,,,2000.00,,
FVJN,2021-08-29 12:00,BKN,,,1500.00,,
FVJN,2021-08-29 13:00,BKN,,,1500.00,,
FVJN,2021-08-29 14:00,BKN,,,1500.00,,
FVJN,2021-08-29 15:00,BKN,,,1500.00,,
FVJN,2021-08-31 07:00,,,,,,
FVJN,2021-08-31 08:00,,,,,,
FVJN,2021-09-01 09:00,,,,,,
FVJN,2021-09-01 10:00,,,,,,
FVJN,2021-09-01 12:00,,,,,,
FVJN,2021-09-02 09:00,,,,,,
FVJN,2021-09-02 10:00,,,,,,
FVJN,2021-09-02 11:00,,,,,,
FVJN,2021-09-02 13:00,,,,,,
FVJN,2021-09-02 15:00,,,,,,
FVJN,2021-09-02 16:00,,,,,,
FVJN,2021-09-03 06:00,,,,,,
FVJN,2021-09-03 08:00,,,,,,
FVJN,2021-09-03 10:00,,,,,,
FVJN,2021-09-03 11:00,,,,,,
FVJN,2021-09-03 12:00,,,,,,
FVJN,2021-09-04 11:00,,,,,,
FVJN,2021-09-04 12:00,,,,,,
FVJN,2021-09-04 14:00,,,,,,
FVJN,2021-09-07 04:00,,,,,,
FVJN,2021-09-07 05:00,,,,,,
FVJN,2021-09-07 11:00,,,,,,
FVJN,2021-09-08 05:00,NSC,,,,,
FVJN,2021-09-08 06:00,NSC,,,,,
FVJN,2021-09-08 07:00,NSC,,,,,
FVJN,2021-09-08 09:00,NSC,,,,,
FVJN,2021-09-08 11:00,NSC,,,,,
FVJN,2021-09-08 12:00,NSC,,,,,
FVJN,2021-09-08 14:00,NSC,,,,,
FVJN,2021-09-09 05:00,,,,,,
FVJN,2021-09-09 06:00,,,,,,
FVJN,2021-09-09 08:00,,,,,,
FVJN,2021-09-09 09:00,,,,,,
FVJN,2021-09-09 10:00,,,,,,
FVJN,2021-09-09 11:00,,,,,,
FVJN,2021-09-09 12:00,,,,,,
FVJN,2021-09-09 13:00,FEW,SCT,,6000.00,10000.00,
FVJN,2021-09-09 15:00,FEW,BKN,,6000.00,10000.00,
FVJN,2021-09-10 04:00,BKN,,,800.00,,
FVJN,2021-09-10 05:00,BKN,,,800.00,,
FVJN,2021-09-10 06:00,BKN,,,1200.00,,
FVJN,2021-09-10 07:00,BKN,,,1600.00,,
FVJN,2021-09-10 08:00,BKN,,,1600.00,,
FVJN,2021-09-10 09:00,BKN,,,2000.00,,
FVJN,2021-09-10 10:00,BKN,,,2500.00,,
FVJN,2021-09-10 11:00,SCT,,,2800.00,,
FVJN,2021-09-10 12:00,SCT,,,2800.00,,
FVJN,2021-09-11 05:00,,,,,,
FVJN,2021-09-11 06:00,,,,,,
FVJN,2021-09-11 08:00,,,,,,
FVJN,2021-09-11 09:00,,,,,,
FVJN,2021-09-11 10:00,,,,,,
FVJN,2021-09-11 11:00,,,,,,
FVJN,2021-09-11 12:00,,,,,,
FVJN,2021-09-11 13:00,,,,,,
FVJN,2021-09-11 14:00,,,,,,
FVJN,2021-09-11 15:00,,,,,,
FVJN,2021-09-12 04:00,,,,,,
FVJN,2021-09-12 06:00,,,,,,
FVJN,2021-09-12 07:00,,,,,,
FVJN,2021-09-12 08:00,,,,,,
FVJN,2021-09-12 12:00,,,,,,
FVJN,2021-09-12 13:00,,,,,,
FVJN,2021-09-12 15:00,,,,,,
FVJN,2021-09-13 06:00,,,,,,
FVJN,2021-09-13 07:00,,,,,,
FVJN,2021-09-13 09:00,,,,,,
FVJN,2021-09-13 10:00,,,,,,
FVJN,2021-09-13 12:00,,,,,,
FVJN,2021-09-13 13:00,,,,,,
FVJN,2021-09-13 14:00,,,,,,
FVJN,2021-09-13 15:00,,,,,,
FVJN,2021-09-14 05:00,,,,,,
FVJN,2021-09-14 06:00,,,,,,
FVJN,2021-09-17 09:00,NSC,,,,,
FVJN,2021-09-17 10:00,,,,,,
FVJN,2021-09-17 11:00,,,,,,
FVJN,2021-09-17 12:00,,,,,,
FVJN,2021-09-17 13:00,,,,,,
FVJN,2021-09-18 05:00,BKN,,,800.00,,
FVJN,2021-09-18 06:00,BKN,,,800.00,,
FVJN,2021-09-18 07:00,BKN,,,1000.00,,
FVJN,2021-09-18 09:00,BKN,,,1600.00,,
FVJN,2021-09-18 10:00,BKN,,,2000.00,,
FVJN,2021-09-18 11:00,SCT,,,3000.00,,
FVJN,2021-09-18 13:00,FEW,,,4500.00,,
FVJN,2021-09-18 15:00,SCT,,,4500.00,,
FVJN,2021-09-18 16:00,,,,,,
FVJN,2021-09-19 04:00,,,,,,
FVJN,2021-09-19 05:00,,,,,,
FVJN,2021-09-19 06:00,,,,,,
FVJN,2021-09-19 09:00,,,,,,
FVJN,2021-09-19 10:00,,,,,,
FVJN,2021-09-19 11:00,,,,,,
FVJN,2021-09-19 12:00,,,,,,
FVJN,2021-09-19 13:00,,,,,,
FVJN,2021-09-19 16:00,,,,,,
FVJN,2021-09-20 05:00,,,,,,
FVJN,2021-09-20 07:00,,,,,,
FVJN,2021-09-20 08:00,,,,,,
FVJN,2021-09-20 09:00,,,,,,
FVJN,2021-09-20 10:00,,,,,,
FVJN,2021-09-20 12:00,,,,,,
FVJN,2021-09-20 15:00,,,,,,
FVJN,2021-09-21 04:00,,,,,,
FVJN,2021-09-21 05:00,,,,,,
FVJN,2021-09-21 06:00,,,,,,
FVJN,2021-09-21 07:00,,,,,,
FVJN,2021-09-21 08:00,,,,,,
FVJN,2021-09-21 09:00,,,,,,
FVJN,2021-09-21 12:00,,,,,,
FVJN,2021-09-21 14:00,,,,,,
FVJN,2021-09-22 09:00,BKN,,,2000.00,,
FVJN,2021-09-22 11:00,BKN,,,3500.00,,
FVJN,2021-09-22 12:00,,,,,,
FVJN,2021-09-22 13:00,,,,,,
FVJN,2021-09-22 15:00,,,,,,
FVJN,2021-09-23 06:00,FEW,,,1000.00,,
FVJN,2021-09-23 07:00,,,,,,
FVJN,2021-09-23 09:00,,,,,,
FVJN,2021-09-23 10:00,,,,,,
FVJN,2021-09-23 12:00,,,,,,
FVJN,2021-09-23 13:00,,,,,,
FVJN,2021-09-23 15:00,,,,,,
FVJN,2021-09-24 04:00,,,,,,
FVJN,2021-09-24 05:00,,,,,,
FVJN,2021-09-24 06:00,,,,,,
FVJN,2021-09-24 09:00,,,,,,
FVJN,2021-09-25 06:00,,,,,,
FVJN,2021-09-27 04:00,,,,,,
FVJN,2021-09-27 08:00,,,,,,
FVJN,2021-09-27 09:00,,,,,,
FVJN,2021-09-27 11:00,,,,,,
FVJN,2021-09-27 13:00,,,,,,
FVJN,2021-09-27 15:00,FEW,SCT,,7000.00,8000.00,
FVJN,2021-09-27 16:00,FEW,SCT,,7000.00,8000.00,
FVJN,2021-09-28 05:00,,,,,,
FVJN,2021-09-28 07:00,,,,,,
FVJN,2021-09-28 08:00,,,,,,
FVJN,2021-09-28 09:00,,,,,,
FVJN,2021-09-28 10:00,,,,,,
FVJN,2021-09-28 11:00,,,,,,
FVJN,2021-09-28 13:00,,,,,,
FVJN,2021-09-28 14:00,,,,,,
FVJN,2021-09-28 15:00,,,,,,
FVJN,2021-09-28 16:00,,,,,,
FVJN,2021-09-29 06:00,NSC,,,,,
FVJN,2021-09-29 09:00,NSC,,,,,
FVJN,2021-09-29 12:00,,,,,,
FVJN,2021-09-30 14:00,,,,,,
FVJN,2021-09-30 16:00,,,,,,
FVJN,2021-10-01 05:00,,,,,,
FVJN,2021-10-01 06:00,,,,,,
FVJN,2021-10-01 07:00,,,,,,
FVJN,2021-10-01 08:00,,,,,,
FVJN,2021-10-01 09:00,,,,,,
FVJN,2021-10-01 12:00,,,,,,
FVJN,2021-10-01 13:00,,,,,,
FVJN,2021-10-02 06:00,,,,,,
FVJN,2021-10-02 08:00,,,,,,
FVJN,2021-10-03 04:00,,,,,,
FVJN,2021-10-03 05:00,,,,,,
FVJN,2021-10-03 06:00,,,,,,
FVJN,2021-10-03 07:00,,,,,,
FVJN,2021-10-03 09:00,,,,,,
FVJN,2021-10-03 10:00,,,,,,
FVJN,2021-10-03 11:00,,,,,,
FVJN,2021-10-03 12:00,,,,,,
FVJN,2021-10-03 13:00,,,,,,
FVJN,2021-10-03 15:00,SCT,BKN,,7000.00,10000.00,
FVJN,2021-10-04 04:00,BKN,SCT,,1000.00,9000.00,
FVJN,2021-10-04 06:00,BKN,,,1000.00,,
FVJN,2021-10-04 09:00,FEW,SCT,,2000.00,9000.00,
FVJN,2021-10-05 05:00,OVC,,,800.00,,
FVJN,2021-10-05 10:00,,,,,,
FVJN,2021-10-05 11:00,,,,,,
FVJN,2021-10-05 15:00,,,,,,
FVJN,2021-10-05 16:00,,,,,,
FVJN,2021-10-07 08:00,,,,,,
FVJN,2021-10-07 09:00,,,,,,
FVJN,2021-10-07 11:00,,,,,,
FVJN,2021-10-07 12:00,,,,,,
FVJN,2021-10-08 04:00,,,,,,
FVJN,2021-10-09 06:00,,,,,,
FVJN,2021-10-09 09:00,,,,,,
FVJN,2021-10-10 10:00,,,,,,
FVJN,2021-10-10 11:00,,,,,,
FVJN,2021-10-10 12:00,,,,,,
FVJN,2021-10-10 14:00,BKN,,,1000.00,,
FVJN,2021-10-10 15:00,BKN,,,1000.00,,
FVJN,2021-10-10 16:00,OVC,,,1000.00,,
FVJN,2021-10-11 04:00,OVC,,,800.00,,
FVJN,2021-10-11 06:00,OVC,,,1000.00,,
FVJN,2021-10-11 07:00,OVC,,,1000.00,,
FVJN,2021-10-11 08:00,OVC,,,1600.00,,
FVJN,2021-10-11 09:00,BKN,,,2000.00,,
FVJN,2021-10-11 10:00,BKN,,,2500.00,,
FVJN,2021-10-11 11:00,BKN,,,3000.00,,
FVJN,2021-10-11 12:00,BKN,,,4000.00,,
FVJN,2021-10-11 13:00,SCT,,,4500.00,,
FVJN,2021-10-12 04:00,,,,,,
FVJN,2021-10-12 05:00,,,,,,
FVJN,2021-10-12 06:00,,,,,,
FVJN,2021-10-12 07:00,,,,,,
FVJN,2021-10-12 08:00,,,,,,
FVJN,2021-10-12 12:00,,,,,,
FVJN,2021-10-12 13:00,,,,,,
FVJN,2021-10-12 14:00,,,,,,
FVJN,2021-10-13 05:00,,,,,,
FVJN,2021-10-13 06:00,,,,,,
FVJN,2021-10-13 07:00,,,,,,
FVJN,2021-10-13 08:00,,,,,,
FVJN,2021-10-13 09:00,,,,,,
FVJN,2021-10-13 10:00,,,,,,
FVJN,2021-10-13 11:00,,,,,,
FVJN,2021-10-13 12:00,,,,,,
FVJN,2021-10-13 15:00,,,,,,
FVJN,2021-10-14 04:00,,,,,,
FVJN,2021-10-14 06:00,,,,,,
FVJN,2021-10-14 09:00,,,,,,
FVJN,2021-10-14 12:00,,,,,,
FVJN,2021-10-15 06:00,,,,,,
FVJN,2021-10-15 07:00,,,,,,
FVJN,2021-10-15 12:00,,,,,,
FVJN,2021-10-15 14:00,,,,,,
FVJN,2021-10-17 10:00,,,,,,
FVJN,2021-10-17 12:00,,,,,,
FVJN,2021-10-17 13:00,NSC,,,,,
FVJN,2021-10-17 15:00,,,,,,
FVJN,2021-10-18 04:00,BKN,SCT,,800.00,9000.00,
FVJN,2021-10-18 08:00,OVC,,,400.00,,
FVJN,2021-10-18 09:00,OVC,,,400.00,,
FVJN,2021-10-18 10:00,OVC,,,500.00,,
FVJN,2021-10-18 11:00,OVC,,,800.00,,
FVJN,2021-10-18 12:00,OVC,,,800.00,,
FVJN,2021-10-18 13:00,OVC,,,800.00,,
FVJN,2021-10-18 14:00,OVC,,,800.00,,
FVJN,2021-10-18 15:00,OVC,,,800.00,,
FVJN,2021-10-19 04:00,OVC,,,600.00,,
FVJN,2021-10-19 05:00,OVC,,,600.00,,
FVJN,2021-10-19 06:00,BKN,,,800.00,,
FVJN,2021-10-19 09:00,BKN,,,1600.00,,
FVJN,2021-10-19 12:00,BKN,,,2500.00,,
FVJN,2021-10-23 09:00,,,,,,
FVJN,2021-10-23 10:00,,,,,,
FVJN,2021-10-23 15:00,,,,,,
FVJN,2021-10-23 16:00,FEW,,,7000.00,,
FVJN,2021-10-24 04:00,,,,,,
FVJN,2021-10-24 06:00,,,,,,
FVJN,2021-10-24 07:00,,,,,,
FVJN,2021-10-24 08:00,,,,,,
FVJN,2021-10-24 10:00,,,,,,
FVJN,2021-10-24 12:00,,,,,,
FVJN,2021-10-27 10:00,SCT,,,4000.00,,
FVJN,2021-10-27 13:00,,,,,,
FVJN,2021-10-27 14:00,,,,,,
FVJN,2021-10-28 04:00,BKN,,,1200.00,,
FVJN,2021-10-28 05:00,BKN,,,1200.00,,
FVJN,2021-10-28 07:00,BKN,,,1800.00,,
FVJN,2021-10-28 09:00,BKN,,,2500.00,,
FVJN,2021-10-28 10:00,BKN,,,2500.00,,
FVJN,2021-10-28 11:00,BKN,,,3000.00,,
FVJN,2021-10-28 12:00,BKN,,,4000.00,,
FVJN,2021-10-28 13:00,BKN,,,4000.00,,
FVJN,2021-10-28 14:00,FEW,,,4000.00,,
FVJN,2021-10-28 15:00,FEW,,,4000.00,,
FVJN,2021-10-29 03:00,,,,,,
FVJN,2021-10-29 04:00,,,,,,
FVJN,2021-10-29 05:00,,,,,,
FVJN,2021-10-29 06:00,,,,,,
FVJN,2021-10-30 15:00,FEW,SCT,,5000.00,10000.00,
FVJN,2021-11-01 06:00,,,,,,
FVJN,2021-11-02 03:00,,,,,,
FVJN,2021-11-02 04:00,,,,,,
FVJN,2021-11-02 06:00,,,,,,
FVJN,2021-11-02 08:00,,,,,,
FVJN,2021-11-02 10:00,,,,,,
FVJN,2021-11-02 11:00,,,,,,
FVJN,2021-11-02 12:00,FEW,SCT,,6000.00,7000.00,
FVJN,2021-11-02 13:00,FEW,SCT,,6000.00,7000.00,
FVJN,2021-11-02 14:00,FEW,SCT,,6000.00,7000.00,
FVJN,2021-11-02 15:00,FEW,SCT,,6000.00,7000.00,
FVJN,2021-11-03 03:00,,,,,,
FVJN,2021-11-03 04:00,FEW,SCT,,4000.00,9000.00,
FVJN,2021-11-03 05:00,,,,,,
FVJN,2021-11-03 06:00,,,,,,
FVJN,2021-11-03 08:00,,,,,,
FVJN,2021-11-03 09:00,,,,,,
FVJN,2021-11-05 04:00,,,,,,
FVJN,2021-11-05 11:00,,,,,,
FVJN,2021-11-05 12:00,,,,,,
FVJN,2021-11-05 13:00,,,,,,
FVJN,2021-11-05 15:00,FEW,BKN,,5000.00,9000.00,
FVJN,2021-11-05 17:00,FEW,SCT,BKN,5000.00,9000.00,30000.00
FVJN,2021-11-06 04:00,,,,,,
FVJN,2021-11-06 09:00,,,,,,
FVJN,2021-11-06 10:00,,,,,,
FVJN,2021-11-06 11:00,,,,,,
FVJN,2021-11-06 12:00,,,,,,
FVJN,2021-11-06 13:00,,,,,,
FVJN,2021-11-06 14:00,,,,,,
FVJN,2021-11-06 15:00,,,,,,
FVJN,2021-11-07 03:00,,,,,,
FVJN,2021-11-07 06:00,,,,,,
FVJN,2021-11-07 08:00,,,,,,
FVJN,2021-11-07 09:00,,,,,,
FVJN,2021-11-07 10:00,,,,,,
FVJN,2021-11-07 11:00,,,,,,
FVJN,2021-11-07 12:00,,,,,,
FVJN,2021-11-07 13:00,,,,,,
FVJN,2021-11-07 14:00,,,,,,
FVJN,2021-11-07 15:00,,,,,,
FVJN,2021-11-07 16:00,,,,,,
FVJN,2021-11-08 03:00,,,,,,
FVJN,2021-11-08 04:00,,,,,,
FVJN,2021-11-08 05:00,,,,,,
FVJN,2021-11-08 06:00,,,,,,
FVJN,2021-11-08 07:00,,,,,,
FVJN,2021-11-11 09:00,,,,,,
FVJN,2021-11-11 12:00,FEW,SCT,BKN,4000.00,5000.00,30000.00
FVJN,2021-11-11 16:00,FEW,BKN,,4000.00,8000.00,
FVJN,2021-11-12 03:00,,,,,,
FVJN,2021-11-12 04:00,,,,,,
FVJN,2021-11-12 05:00,,,,,,
FVJN,2021-11-12 08:00,,,,,,
FVJN,2021-11-12 09:00,,,,,,
FVJN,2021-11-12 10:00,,,,,,
FVJN,2021-11-12 12:00,,,,,,
FVJN,2021-11-12 13:00,,,,,,
FVJN,2021-11-12 14:00,FEW,,,6000.00,,
FVJN,2021-11-12 15:00,FEW,,,6000.00,,
FVJN,2021-11-12 16:00,,,,,,
FVJN,2021-11-13 03:00,,,,,,
FVJN,2021-11-13 04:00,,,,,,
FVJN,2021-11-13 05:00,,,,,,
FVJN,2021-11-13 06:00,,,,,,
FVJN,2021-11-13 07:00,,,,,,
FVJN,2021-11-14 07:00,,,,,,
FVJN,2021-11-14 08:00,,,,,,
FVJN,2021-11-15 09:00,,,,,,
FVJN,2021-11-16 08:00,,,,,,
FVJN,2021-11-16 09:00,,,,,,
FVJN,2021-11-16 10:00,,,,,,
FVJN,2021-11-16 13:00,,,,,,
FVJN,2021-11-16 14:00,,,,,,
FVJN,2021-11-17 04:00,,,,,,
FVJN,2021-11-17 05:00,,,,,,
FVJN,2021-11-17 09:00,,,,,,
FVJN,2021-11-17 10:00,,,,,,
FVJN,2021-11-17 12:00,FEW,SCT,,7000.00,8000.00,
FVJN,2021-11-17 13:00,FEW,SCT,,7000.00,8000.00,
FVJN,2021-11-17 14:00,FEW,SCT,BKN,7000.00,8000.00,10000.00
FVJN,2021-11-18 03:00,,,,,,
FVJN,2021-11-18 04:00,,,,,,
FVJN,2021-11-18 05:00,,,,,,
FVJN,2021-11-18 06:00,BKN,,,10000.00,,
FVJN,2021-11-18 07:00,,,,,,
FVJN,2021-11-18 09:00,,,,,,
FVJN,2021-11-18 12:00,,,,,,
FVJN,2021-11-18 13:00,,,,,,
FVJN,2021-11-20 04:00,SCT,BKN,,1000.00,8000.00,
FVJN,2021-11-21 03:00,,,,,,
FVJN,2021-11-21 06:00,FEW,SCT,BKN,4000.00,5000.00,10000.00
FVJN,2021-11-21 07:00,FEW,BKN,,4000.00,9000.00,
FVJN,2021-11-21 08:00,FEW,FEW,BKN,1000.00,4000.00,9000.00
FVJN,2021-11-21 12:00,FEW,SCT,BKN,2000.00,3000.00,9000.00
FVJN,2021-11-21 13:00,FEW,SCT,BKN,2000.00,3000.00,9000.00
FVJN,2021-11-21 15:00,FEW,BKN,,2000.00,9000.00,
FVJN,2021-11-22 04:00,,,,,,
FVJN,2021-11-22 05:00,,,,,,
FVJN,2021-11-22 06:00,,,,,,
FVJN,2021-11-22 07:00,FEW,SCT,,3000.00,30000.00,
FVJN,2021-11-22 08:00,SCT,SCT,,4000.00,30000.00,
FVJN,2021-11-22 09:00,BKN,,,4000.00,,
FVJN,2021-11-22 10:00,,,,,,
FVJN,2021-11-22 11:00,,,,,,
FVJN,2021-11-22 12:00,FEW,SCT,,4000.00,4500.00,
FVJN,2021-11-22 13:00,FEW,SCT,BKN,4000.00,4500.00,9000.00
FVJN,2021-11-22 15:00,FEW,SCT,BKN,4000.00,4500.00,9000.00
FVJN,2021-11-22 16:00,FEW,SCT,BKN,4000.00,4500.00,9000.00
FVJN,2021-11-23 04:00,,,,,,
FVJN,2021-11-23 05:00,,,,,,
FVJN,2021-11-23 06:00,,,,,,
FVJN,2021-11-23 07:00,,,,,,
FVJN,2021-11-24 12:00,,,,,,
FVJN,2021-11-24 13:00,,,,,,
FVJN,2021-11-24 15:00,,,,,,
FVJN,2021-11-27 03:00,BKN,,,1000.00,,
FVJN,2021-11-27 04:00,BKN,,,1000.00,,
FVJN,2021-11-27 05:00,BKN,,,1600.00,,
FVJN,2021-11-27 06:00,BKN,,,9000.00,,
FVJN,2021-11-30 04:00,,,,,,
FVJN,2021-11-30 09:00,,,,,,
FVJN,2021-11-30 12:00,SCT,SCT,,8000.00,10000.00,
FVJN,2021-11-30 13:00,FEW,SCT,,7000.00,8000.00,
FVJN,2021-11-30 15:00,FEW,BKN,,8000.00,10000.00,
FVJN,2021-12-01 04:00,,,,,,
FVJN,2021-12-01 05:00,,,,,,
FVJN,2021-12-01 09:00,,,,,,
FVJN,2021-12-02 14:00,,,,,,
FVJN,2021-12-02 15:00,,,,,,
FVJN,2021-12-02 16:00,,,,,,
FVJN,2021-12-03 09:00,,,,,,
FVJN,2021-12-04 03:00,,,,,,
FVJN,2021-12-04 04:00,,,,,,
FVJN,2021-12-04 05:00,,,,,,
FVJN,2021-12-04 06:00,,,,,,
FVJN,2021-12-04 15:00,,,,,,
FVJN,2021-12-04 16:00,,,,,,
FVJN,2021-12-05 10:00,,,,,,
FVJN,2021-12-06 04:00,,,,,,
FVJN,2021-12-06 05:00,,,,,,
FVJN,2021-12-07 13:00,FEW,SCT,BKN,5000.00,7000.00,10000.00
FVJN,2021-12-07 14:00,FEW,SCT,BKN,5000.00,7000.00,10000.00
FVJN,2021-12-08 08:00,,,,,,
FVJN,2021-12-08 09:00,,,,,,
FVJN,2021-12-08 10:00,,,,,,
FVJN,2021-12-08 11:00,,,,,,
FVJN,2021-12-08 12:00,,,,,,
FVJN,2021-12-08 14:00,,,,,,
FVJN,2021-12-09 03:00,,,,,,
FVJN,2021-12-09 04:00,,,,,,
FVJN,2021-12-09 05:00,FEW,BKN,,800.00,9000.00,
FVJN,2021-12-09 06:00,,,,,,
FVJN,2021-12-09 07:00,,,,,,
FVJN,2021-12-10 03:00,,,,,,
FVJN,2021-12-10 04:00,,,,,,
FVJN,2021-12-10 06:00,,,,,,
FVJN,2021-12-10 09:00,,,,,,
FVJN,2021-12-10 10:00,BKN,,,6000.00,,
FVJN,2021-12-10 12:00,FEW,SCT,BKN,5000.00,6000.00,30000.00
FVJN,2021-12-10 13:00,FEW,SCT,,5000.00,6000.00,
FVJN,2021-12-10 15:00,FEW,BKN,,5000.00,8000.00,
FVJN,2021-12-11 06:00,,,,,,
FVJN,2021-12-11 07:00,,,,,,
FVJN,2021-12-11 08:00,,,,,,
FVJN,2021-12-11 09:00,,,,,,
FVJN,2021-12-11 11:00,,,,,,
FVJN,2021-12-12 06:00,,,,,,
FVJN,2021-12-12 09:00,,,,,,
FVJN,2021-12-12 10:00,,,,,,
FVJN,2021-12-12 13:00,,,,,,
FVJN,2021-12-12 15:00,,,,,,
FVJN,2021-12-12 16:00,,,,,,
FVJN,2021-12-13 04:00,,,,,,
FVJN,2021-12-13 06:00,,,,,,
FVJN,2021-12-13 08:00,,,,,,
FVJN,2021-12-13 09:00,,,,,,
FVJN,2021-12-13 10:00,,,,,,
FVJN,2021-12-13 11:00,,,,,,
FVJN,2021-12-13 12:00,,,,,,
FVJN,2021-12-13 13:00,FEW,SCT,,5000.00,6000.00,
FVJN,2021-12-13 14:00,FEW,BKN,,5000.00,9000.00,
FVJN,2021-12-13 16:00,FEW,BKN,,5000.00,9000.00,
FVJN,2021-12-14 04:00,FEW,BKN,,4000.00,8000.00,
FVJN,2021-12-14 06:00,,,,,,
FVJN,2021-12-14 15:00,,,,,,
FVJN,2021-12-14 16:00,,,,,,
FVJN,2021-12-15 05:00,,,,,,
FVJN,2021-12-15 06:00,,,,,,
FVJN,2021-12-18 05:00,BKN,,,600.00,,
FVJN,2021-12-18 06:00,BKN,,,600.00,,
FVJN,2021-12-18 08:00,BKN,,,800.00,,
FVJN,2021-12-18 09:00,BKN,,,1000.00,,
FVJN,2021-12-18 10:00,BKN,,,1600.00,,
FVJN,2021-12-18 11:00,BKN,,,1600.00,,
FVJN,2021-12-18 12:00,BKN,,,2000.00,,
FVJN,2021-12-18 13:00,BKN,,,2000.00,,
FVJN,2021-12-18 14:00,BKN,,,2000.00,,
FVJN,2021-12-19 03:00,BKN,,,800.00,,
FVJN,2021-12-19 04:00,OVC,,,800.00,,
FVJN,2021-12-19 05:00,OVC,,,800.00,,
FVJN,2021-12-19 06:00,OVC,,,800.00,,
FVJN,2021-12-19 07:00,BKN,OVC,,1000.00,9000.00,
FVJN,2021-12-19 09:00,BKN,OVC,,1200.00,9000.00,
FVJN,2021-12-19 10:00,BKN,OVC,,1500.00,9000.00,
FVJN,2021-12-19 12:00,BKN,OVC,,600.00,9000.00,
FVJN,2021-12-19 13:00,BKN,OVC,,600.00,9000.00,
FVJN,2021-12-19 14:00,BKN,OVC,,600.00,9000.00,
FVJN,2021-12-19 15:00,BKN,OVC,,600.00,9000.00,
FVJN,2021-12-20 06:00,BKN,,,400.00,,
FVJN,2021-12-20 07:00,BKN,,,600.00,,
FVJN,2021-12-20 14:00,FEW,SCT,BKN,1500.00,2000.00,9000.00
FVJN,2021-12-20 15:00,FEW,BKN,,1500.00,9000.00,
FVJN,2021-12-21 03:00,SCT,BKN,,600.00,9000.00,
FVJN,2021-12-21 04:00,BKN,,,600.00,,
FVJN,2021-12-21 06:00,SCT,BKN,,800.00,9000.00,
FVJN,2021-12-21 07:00,BKN,,,800.00,,
FVJN,2021-12-21 08:00,BKN,,,1000.00,,
FVJN,2021-12-21 10:00,SCT,FEW,BKN,1200.00,1500.00,9000.00
FVJN,2021-12-21 12:00,FEW,FEW,SCT,1000.00,1800.00,2000.00
FVJN,2021-12-21 13:00,FEW,FEW,SCT,1000.00,1500.00,2000.00
FVJN,2021-12-21 14:00,FEW,FEW,BKN,1000.00,1800.00,9000.00
FVJN,2021-12-21 15:00,FEW,FEW,BKN,1000.00,1800.00,9000.00
FVJN,2021-12-21 16:00,FEW,FEW,BKN,1000.00,1800.00,9000.00
FVJN,2021-12-22 03:00,BKN,OVC,,600.00,9000.00,
FVJN,2021-12-22 04:00,BKN,OVC,,600.00,9000.00,
FVJN,2021-12-22 06:00,SCT,BKN,,600.00,9000.00,
FVJN,2021-12-22 08:00,BKN,BKN,,600.00,9000.00,
FVJN,2021-12-22 12:00,SCT,BKN,,3000.00,9000.00,
FVJN,2021-12-22 13:00,FEW,SCT,BKN,2000.00,3000.00,9000.00
FVJN,2021-12-22 15:00,BKN,FEW,OVC,600.00,2000.00,8000.00
FVJN,2021-12-23 04:00,BKN,,,300.00,,
FVJN,2021-12-23 06:00,BKN,,,600.00,,
FVJN,2021-12-23 07:00,FEW,SCT,,800.00,9000.00,
FVJN,2021-12-23 09:00,FEW,FEW,,1000.00,2000.00,
FVJN,2021-12-23 10:00,FEW,,,3000.00,,
FVJN,2021-12-23 11:00,FEW,,,3000.00,,
FVJN,2021-12-23 12:00,FEW,SCT,,3000.00,4000.00,
FVJN,2021-12-23 13:00,FEW,SCT,BKN,3000.00,4000.00,9000.00
FVJN,2021-12-23 14:00,FEW,SCT,BKN,3000.00,4000.00,9000.00
FVJN,2021-12-23 15:00,FEW,SCT,BKN,3000.00,4000.00,9000.00
FVJN,2021-12-23 16:00,FEW,BKN,,3000.00,9000.00,
FVJN,2021-12-23 17:00,FEW,BKN,,3000.00,9000.00,
FVJN,2021-12-24 03:00,,,,,,
FVJN,2021-12-24 04:00,,,,,,
FVJN,2021-12-24 05:00,,,,,,
FVJN,2021-12-24 06:00,FEW,,,2000.00,,
FVJN,2021-12-24 08:00,SCT,BKN,,2000.00,30000.00,
FVJN,2021-12-24 09:00,SCT,SCT,,2500.00,30000.00,
FVJN,2021-12-24 12:00,BKN,,,3000.00,,
FVJN,2021-12-24 16:00,FEW,,,3000.00,,
FVJN,2021-12-25 03:00,,,,,,
FVJN,2021-12-25 04:00,,,,,,
FVJN,2021-12-25 05:00,,,,,,
FVJN,2021-12-25 06:00,,,,,,
FVJN,2021-12-25 09:00,,,,,,
FVJN,2021-12-25 10:00,,,,,,
FVJN,2021-12-26 09:00,SCT,BKN,,3000.00,30000.00,
FVJN,2021-12-26 11:00,SCT,BKN,,4000.00,30000.00,
FVJN,2021-12-26 12:00,SCT,BKN,,4500.00,30000.00,
FVJN,2021-12-27 03:00,,,,,,
FVJN,2021-12-27 04:00,,,,,,
FVJN,2021-12-27 05:00,,,,,,
FVJN,2021-12-27 06:00,,,,,,
FVJN,2021-12-27 09:00,SCT,,,3000.00,,
FVJN,2021-12-27 12:00,SCT,,,4000.00,,
FVJN,2021-12-28 05:00,,,,,,
FVJN,2021-12-28 06:00,,,,,,
FVJN,2021-12-28 09:00,,,,,,
FVJN,2021-12-28 12:00,FEW,SCT,BKN,4000.00,5000.00,30000.00
FVJN,2021-12-29 06:00,,,,,,
FVJN,2021-12-29 07:00,,,,,,
FVJN,2021-12-29 08:00,,,,,,
FVJN,2021-12-29 09:00,SCT,,,4000.00,,
FVJN,2021-12-29 12:00,FEW,SCT,BKN,4000.00,5000.00,8000.00
FVJN,2021-12-29 13:00,FEW,SCT,BKN,4000.00,5000.00,8000.00
FVJN,2021-12-29 15:00,SCT,BKN,,4000.00,30000.00,
FVJN,2021-12-29 16:00,SCT,BKN,,4000.00,9000.00,
FVJN,2021-12-30 03:00,,,,,,
FVJN,2021-12-30 04:00,,,,,,
FVJN,2021-12-30 05:00,,,,,,
FVJN,2021-12-30 06:00,,,,,,
FVJN,2021-12-30 07:00,FEW,BKN,,2500.00,30000.00,
FVJN,2021-12-30 12:00,,,,,,
FVJN,2021-12-31 03:00,,,,,,
FVJN,2021-12-31 06:00,,,,,,
FVJN,2021-12-31 07:00,,,,,,
FVJN,2021-12-31 15:00,FEW,SCT,BKN,4000.00,4500.00,9000.00
FVJN,2022-01-02 04:00,,,,,,
FVJN,2022-01-02 05:00,,,,,,
FVJN,2022-01-02 06:00,,,,,,
FVJN,2022-01-02 08:00,BKN,,,3500.00,,
FVJN,2022-01-02 09:00,BKN,,,4000.00,,
FVJN,2022-01-02 10:00,BKN,,,4500.00,,
FVJN,2022-01-02 11:00,,,,,,
FVJN,2022-01-02 12:00,FEW,SCT,BKN,4500.00,5000.00,9000.00
FVJN,2022-01-02 14:00,FEW,SCT,BKN,4000.00,5000.00,9000.00
FVJN,2022-01-02 15:00,FEW,SCT,BKN,4000.00,5000.00,9000.00
FVJN,2022-01-03 04:00,FEW,BKN,,1000.00,9000.00,
FVJN,2022-01-03 05:00,SCT,BKN,,600.00,9000.00,
FVJN,2022-01-03 10:00,BKN,,,1500.00,,
FVJN,2022-01-03 11:00,BKN,BKN,,2000.00,8000.00,
FVJN,2022-01-03 12:00,FEW,BKN,BKN,2500.00,3000.00,8000.00
FVJN,2022-01-03 14:00,FEW,SCT,BKN,2500.00,3000.00,8000.00
FVJN,2022-01-03 15:00,FEW,SCT,BKN,2500.00,3000.00,8000.00
FVJN,2022-01-03 16:00,FEW,BKN,,2500.00,8000.00,
FVJN,2022-01-04 03:00,,,,,,
FVJN,2022-01-04 04:00,,,,,,
FVJN,2022-01-04 05:00,FEW,SCT,,800.00,30000.00,
FVJN,2022-01-04 06:00,FEW,SCT,,1000.00,30000.00,
FVJN,2022-01-04 08:00,SCT,,,2500.00,,
FVJN,2022-01-04 09:00,SCT,,,3000.00,,
FVJN,2022-01-04 10:00,SCT,,,4000.00,,
FVJN,2022-01-04 12:00,FEW,SCT,,3000.00,4000.00,
FVJN,2022-01-04 13:00,FEW,SCT,BKN,3000.00,4000.00,9000.00
FVJN,2022-01-04 14:00,FEW,BKN,,3000.00,9000.00,
FVJN,2022-01-04 15:00,FEW,BKN,,3000.00,9000.00,
FVJN,2022-01-05 03:00,,,,,,
FVJN,2022-01-05 04:00,,,,,,
FVJN,2022-01-05 06:00,BKN,BKN,,300.00,10000.00,
FVJN,2022-01-05 07:00,BKN,SCT,,800.00,10000.00,
FVJN,2022-01-05 08:00,BKN,BKN,,1600.00,30000.00,
FVJN,2022-01-05 09:00,BKN,BKN,,2000.00,30000.00,
FVJN,2022-01-05 12:00,FEW,SCT,BKN,2500.00,3000.00,10000.00
FVJN,2022-01-05 13:00,FEW,SCT,BKN,2500.00,3000.00,10000.00
FVJN,2022-01-05 16:00,FEW,SCT,BKN,3000.00,9000.00,30000.00
FVJN,2022-01-06 04:00,,,,,,
FVJN,2022-01-06 05:00,FEW,SCT,,1500.00,30000.00,
FVJN,2022-01-06 06:00,FEW,SCT,,1500.00,9000.00,
FVJN,2022-01-07 09:00,BKN,BKN,,2000.00,10000.00,
FVJN,2022-01-07 11:00,BKN,,,3000.00,,
FVJN,2022-01-07 13:00,FEW,SCT,,2500.00,3000.00,
FVJN,2022-01-08 04:00,BKN,,,9000.00,,
FVJN,2022-01-08 09:00,BKN,BKN,,1600.00,9000.00,
FVJN,2022-01-09 12:00,BKN,BKN,,2500.00,9000.00,
FVJN,2022-01-10 06:00,,,,,,
FVJN,2022-01-10 08:00,SCT,BKN,,2000.00,10000.00,
FVJN,2022-01-10 09:00,SCT,BKN,,2500.00,10000.00,
FVJN,2022-01-10 10:00,SCT,SCT,,3000.00,10000.00,
FVJN,2022-01-10 11:00,BKN,,,3000.00,,
FVJN,2022-01-10 12:00,BKN,BKN,,3500.00,10000.00,
FVJN,2022-01-10 13:00,SCT,BKN,,3500.00,10000.00,
FVJN,2022-01-10 14:00,SCT,BKN,,3500.00,10000.00,
FVJN,2022-01-10 15:00,SCT,BKN,,3500.00,10000.00,
FVJN,2022-01-10 16:00,FEW,SCT,BKN,3000.00,3500.00,10000.00
FVJN,2022-01-11 03:00,,,,,,
FVJN,2022-01-11 04:00,,,,,,
FVJN,2022-01-11 05:00,FEW,SCT,,2000.00,9000.00,
FVJN,2022-01-11 06:00,FEW,BKN,,2000.00,9000.00,
FVJN,2022-01-11 07:00,FEW,BKN,,2000.00,9000.00,
FVJN,2022-01-11 08:00,SCT,BKN,,2500.00,9000.00,
FVJN,2022-01-11 09:00,FEW,SCT,BKN,2000.00,3000.00,9000.00
FVJN,2022-01-11 12:00,FEW,SCT,BKN,2000.00,3000.00,9000.00
FVJN,2022-01-12 11:00,FEW,SCT,BKN,2000.00,2500.00,9000.00
FVJN,2022-01-12 12:00,FEW,BKN,,2000.00,9000.00,
FVJN,2022-01-12 16:00,FEW,BKN,,2500.00,9000.00,
FVJN,2022-01-13 04:00,FEW,BKN,,2000.00,8000.00,
FVJN,2022-01-13 06:00,BKN,BKN,,800.00,8000.00,
FVJN,2022-01-13 12:00,FEW,BKN,,2000.00,8000.00,
FVJN,2022-01-13 16:00,FEW,FEW,BKN,300.00,2000.00,8000.00
FVJN,2022-01-14 05:00,FEW,BKN,,1000.00,9000.00,
FVJN,2022-01-14 06:00,SCT,BKN,,1000.00,9000.00,
FVJN,2022-01-14 09:00,SCT,BKN,,1800.00,9000.00,
FVJN,2022-01-14 11:00,FEW,SCT,,2000.00,3000.00,
FVJN,2022-01-14 12:00,FEW,SCT,,2000.00,3000.00,
FVJN,2022-01-14 13:00,FEW,SCT,BKN,3000.00,3000.00,9000.00
FVJN,2022-01-14 14:00,FEW,SCT,BKN,2000.00,3000.00,9000.00
FVJN,2022-01-14 16:00,FEW,BKN,,2000.00,9000.00,
FVJN,2022-01-15 06:00,FEW,BKN,,1000.00,9000.00,
FVJN,2022-01-15 09:00,BKN,BKN,,2000.00,9000.00,
FVJN,2022-01-15 10:00,SCT,SCT,,2500.00,9000.00,
FVJN,2022-01-15 12:00,SCT,,,2500.00,,
FVJN,2022-01-16 04:00,,,,,,
FVJN,2022-01-16 06:00,,,,,,
FVJN,2022-01-16 07:00,FEW,BKN,,1000.00,9000.00,
FVJN,2022-01-16 08:00,SCT,BKN,,2000.00,9000.00,
FVJN,2022-01-16 09:00,SCT,SCT,,2500.00,10000.00,
FVJN,2022-01-16 11:00,BKN,SCT,,3000.00,10000.00,
FVJN,2022-01-16 12:00,BKN,,,3500.00,,
FVJN,2022-01-16 13:00,FEW,BKN,,3000.00,3500.00,
FVJN,2022-01-16 14:00,FEW,SCT,,3000.00,3500.00,
FVJN,2022-01-16 15:00,FEW,SCT,,3000.00,3500.00,
FVJN,2022-01-16 16:00,FEW,SCT,,3000.00,3500.00,
FVJN,2022-01-17 03:00,,,,,,
FVJN,2022-01-17 04:00,,,,,,
FVJN,2022-01-17 05:00,,,,,,
FVJN,2022-01-17 07:00,FEW,BKN,,2000.00,10000.00,
FVJN,2022-01-17 08:00,FEW,BKN,,2500.00,10000.00,
FVJN,2022-01-17 09:00,FEW,BKN,,3000.00,10000.00,
FVJN,2022-01-17 10:00,FEW,BKN,,3500.00,10000.00,
FVJN,2022-01-18 04:00,BKN,,,800.00,,
FVJN,2022-01-18 08:00,FEW,BKN,,2000.00,9000.00,
FVJN,2022-01-18 09:00,SCT,,,3000.00,,
FVJN,2022-01-18 10:00,SCT,,,4000.00,,
FVJN,2022-01-18 16:00,,,,,,
FVJN,2022-02-03 07:00,SCT,,,4000.00,,
FVJN,2022-02-03 08:00,SCT,,,4000.00,,
FVJN,2022-02-03 09:00,FEW,,,4000.00,,
FVJN,2022-02-03 10:00,FEW,,,3500.00,,
FVJN,2022-02-03 11:00,FEW,,,3500.00,,
FVJN,2022-02-03 12:00,FEW,,,4000.00,,
FVJN,2022-02-03 13:00,FEW,BKN,,3500.00,30000.00,
FVJN,2022-02-03 14:00,FEW,SCT,,3500.00,4000.00,
FVJN,2022-02-03 15:00,FEW,BKN,,3500.00,9000.00,
FVJN,2022-02-04 03:00,,,,,,
FVJN,2022-02-04 04:00,,,,,,
FVJN,2022-02-04 05:00,FEW,,,4000.00,,
FVJN,2022-02-04 06:00,FEW,,,4000.00,,
FVJN,2022-02-04 07:00,FEW,,,4000.00,,
FVJN,2022-02-04 08:00,SCT,,,4500.00,,
FVJN,2022-02-04 10:00,,,,,,
FVJN,2022-02-04 11:00,,,,,,
FVJN,2022-02-04 12:00,SCT,,,6000.00,,
FVJN,2022-02-04 14:00,FEW,SCT,,5000.00,6000.00,
FVJN,2022-02-06 04:00,OVC,,,800.00,,
FVJN,2022-02-06 05:00,OVC,,,800.00,,
FVJN,2022-02-06 06:00,OVC,,,800.00,,
FVJN,2022-02-06 07:00,OVC,,,1500.00,,
FVJN,2022-02-06 10:00,BKN,,,3000.00,,
FVJN,2022-02-06 12:00,BKN,,,4000.00,,
FVJN,2022-02-06 13:00,,,,,,
FVJN,2022-02-06 15:00,,,,,,
FVJN,2022-02-07 04:00,BKN,,,800.00,,
FVJN,2022-02-07 07:00,BKN,,,600.00,,
FVJN,2022-02-07 08:00,BKN,,,1200.00,,
FVJN,2022-02-07 11:00,BKN,,,2500.00,,
FVJN,2022-02-07 12:00,BKN,,,3000.00,,
FVJN,2022-02-07 13:00,SCT,,,3000.00,,
FVJN,2022-02-08 07:00,FEW,,,1500.00,,
FVJN,2022-02-08 08:00,FEW,,,2000.00,,
FVJN,2022-02-08 09:00,FEW,,,3000.00,,
FVJN,2022-02-08 10:00,SCT,,,4000.00,,
FVJN,2022-02-08 11:00,,,,,,
FVJN,2022-02-08 12:00,,,,,,
FVJN,2022-02-08 13:00,,,,,,
FVJN,2022-02-08 14:00,,,,,,
FVJN,2022-02-08 15:00,,,,,,
FVJN,2022-02-08 16:00,,,,,,
FVJN,2022-02-09 03:00,,,,,,
FVJN,2022-02-09 04:00,,,,,,
FVJN,2022-02-09 05:00,,,,,,
FVJN,2022-02-09 06:00,,,,,,
FVJN,2022-02-09 08:00,,,,,,
FVJN,2022-02-09 09:00,,,,,,
FVJN,2022-02-09 10:00,,,,,,
FVJN,2022-02-09 11:00,,,,,,
FVJN,2022-02-09 12:00,,,,,,
FVJN,2022-02-09 13:00,,,,,,
FVJN,2022-02-09 14:00,,,,,,
FVJN,2022-02-09 15:00,,,,,,
FVJN,2022-02-09 16:00,,,,,,
FVJN,2022-02-10 04:00,,,,,,
FVJN,2022-02-10 05:00,,,,,,
FVJN,2022-02-10 06:00,,,,,,
FVJN,2022-02-10 12:00,FEW,SCT,,6000.00,7000.00,
FVJN,2022-02-10 13:00,FEW,SCT,,6000.00,7000.00,
FVJN,2022-02-12 04:00,,,,,,
FVJN,2022-02-12 07:00,,,,,,
FVJN,2022-02-12 08:00,FEW,,,3500.00,,
FVJN,2022-02-12 10:00,,,,,,
FVJN,2022-02-12 11:00,,,,,,
FVJN,2022-02-12 13:00,,,,,,
FVJN,2022-02-12 14:00,,,,,,
FVJN,2022-02-12 15:00,,,,,,
FVJN,2022-02-12 16:00,,,,,,
FVJN,2022-02-13 03:00,,,,,,
FVJN,2022-02-13 04:00,,,,,,
FVJN,2022-02-13 07:00,,,,,,
FVJN,2022-02-13 08:00,,,,,,
FVJN,2022-02-13 09:00,,,,,,
FVJN,2022-02-13 11:00,,,,,,
FVJN,2022-02-13 12:00,,,,,,
FVJN,2022-02-13 15:00,,,,,,
FVJN,2022-02-13 16:00,,,,,,
FVJN,2022-02-14 03:00,,,,,,
FVJN,2022-02-14 04:00,,,,,,
FVJN,2022-02-14 05:00,,,,,,
FVJN,2022-02-14 06:00,,,,,,
FVJN,2022-02-14 09:00,FEW,,,4000.00,,
FVJN,2022-02-15 03:00,FEW,,,800.00,,
FVJN,2022-02-15 07:00,BKN,,,1600.00,,
FVJN,2022-02-15 09:00,SCT,,,2000.00,,
FVJN,2022-02-15 12:00,FEW,,,4000.00,,
FVJN,2022-02-17 04:00,BKN,,,600.00,,
FVJN,2022-02-17 08:00,SCT,,,3000.00,,
FVJN,2022-02-17 09:00,SCT,,,3000.00,,
FVJN,2022-02-18 10:00,SCT,,,2500.00,,
FVJN,2022-02-18 11:00,SCT,,,3000.00,,
FVJN,2022-02-18 12:00,SCT,,,3000.00,,
FVJN,2022-02-18 13:00,SCT,,,3000.00,,
FVJN,2022-02-19 06:00,FEW,,,1000.00,,
FVJN,2022-02-19 07:00,SCT,,,2000.00,,
FVJN,2022-02-19 09:00,BKN,,,3500.00,,
FVJN,2022-02-19 10:00,SCT,,,4000.00,,
FVJN,2022-02-19 11:00,SCT,,,4000.00,,
FVJN,2022-02-19 12:00,SCT,,,4000.00,,
FVJN,2022-02-19 13:00,SCT,,,4000.00,,
FVJN,2022-02-19 14:00,FEW,,,4000.00,,
FVJN,2022-02-19 15:00,FEW,,,4000.00,,
FVJN,2022-02-20 05:00,,,,,,
FVJN,2022-02-20 06:00,,,,,,
FVJN,2022-02-20 08:00,,,,,,
FVJN,2022-02-20 09:00,,,,,,
FVJN,2022-02-20 12:00,,,,,,
FVJN,2022-02-20 13:00,,,,,,
FVJN,2022-02-20 15:00,,,,,,
FVJN,2022-02-20 16:00,,,,,,
FVJN,2022-02-20 17:00,,,,,,
FVJN,2022-02-21 05:00,,,,,,
FVJN,2022-02-21 06:00,,,,,,
FVJN,2022-02-21 07:00,,,,,,
FVJN,2022-02-21 08:00,,,,,,
FVJN,2022-02-21 09:00,,,,,,
FVJN,2022-02-21 10:00,,,,,,
FVJN,2022-02-21 11:00,,,,,,
FVJN,2022-02-22 14:00,FEW,SCT,,5000.00,6000.00,
FVJN,2022-02-23 04:00,,,,,,
FVJN,2022-02-23 09:00,FEW,,,2500.00,,
FVJN,2022-02-24 09:00,FEW,,,3000.00,,
FVJN,2022-02-24 11:00,FEW,,,4500.00,,
FVJN,2022-02-24 12:00,,,,,,
FVJN,2022-02-24 15:00,,,,,,
FVJN,2022-02-24 16:00,,,,,,
FVJN,2022-02-25 04:00,,,,,,
FVJN,2022-02-25 06:00,,,,,,
FVJN,2022-02-25 07:00,,,,,,
FVJN,2022-02-25 09:00,,,,,,
FVJN,2022-02-25 12:00,,,,,,
FVJN,2022-02-26 06:00,,,,,,
FVJN,2022-02-27 11:00,,,,,,
FVJN,2022-03-02 05:00,,,,,,
FVJN,2022-03-02 07:00,,,,,,
FVJN,2022-03-04 07:00,,,,,,
FVJN,2022-03-04 08:00,,,,,,
FVJN,2022-03-04 09:00,,,,,,
FVJN,2022-03-04 10:00,,,,,,
FVJN,2022-03-04 12:00,SCT,,,7000.00,,
FVJN,2022-03-04 13:00,SCT,,,7000.00,,
FVJN,2022-03-04 14:00,SCT,,,7000.00,,
FVJN,2022-03-04 15:00,,,,,,
FVJN,2022-03-05 04:00,,,,,,
FVJN,2022-03-05 05:00,,,,,,
FVJN,2022-03-05 06:00,,,,,,
FVJN,2022-03-05 07:00,,,,,,
FVJN,2022-03-05 08:00,,,,,,
FVJN,2022-03-05 09:00,,,,,,
FVJN,2022-03-05 14:00,,,,,,
FVJN,2022-03-05 15:00,,,,,,
FVJN,2022-03-05 16:00,,,,,,
FVJN,2022-03-06 03:00,,,,,,
FVJN,2022-03-06 04:00,FEW,,,800.00,,
FVJN,2022-03-06 05:00,FEW,,,1000.00,,
FVJN,2022-03-07 12:00,SCT,,,4500.00,,
FVJN,2022-03-07 16:00,FEW,BKN,,4500.00,10000.00,
FVJN,2022-03-08 05:00,,,,,,
FVJN,2022-03-08 06:00,FEW,,,2500.00,,
FVJN,2022-03-08 07:00,FEW,,,3500.00,,
FVJN,2022-03-08 09:00,SCT,,,4500.00,,
FVJN,2022-03-08 14:00,,,,,,
FVJN,2022-03-08 15:00,,,,,,
FVJN,2022-03-09 03:00,,,,,,
FVJN,2022-03-09 06:00,,,,,,
FVJN,2022-03-09 12:00,,,,,,
FVJN,2022-03-09 16:00,FEW,SCT,,4000.00,10000.00,
FVJN,2022-03-09 17:00,FEW,,,4000.00,,
FVJN,2022-03-09 19:00,,,,,,
FVJN,2022-03-10 09:00,FEW,,,3000.00,,
FVJN,2022-03-10 12:00,,,,,,
FVJN,2022-03-11 15:00,,,,,,
FVJN,2022-03-12 03:00,,,,,,
FVJN,2022-03-12 05:00,SCT,,,800.00,,
FVJN,2022-03-12 06:00,SCT,,,1000.00,,
FVJN,2022-03-12 07:00,SCT,,,1600.00,,
FVJN,2022-03-12 08:00,SCT,,,2000.00,,
FVJN,2022-03-13 03:00,,,,,,
FVJN,2022-03-13 06:00,,,,,,
FVJN,2022-03-13 07:00,,,,,,
FVJN,2022-03-13 11:00,,,,,,
FVJN,2022-03-14 10:00,FEW,SCT,,3000.00,4000.00,
FVJN,2022-03-14 14:00,FEW,SCT,BKN,3000.00,4000.00,9000.00
FVJN,2022-03-14 15:00,FEW,SCT,,3000.00,30000.00,
FVJN,2022-03-15 04:00,,,,,,
FVJN,2022-03-15 07:00,,,,,,
FVJN,2022-03-15 11:00,FEW,,,4000.00,,
FVJN,2022-03-15 12:00,BKN,,,4500.00,,
FVJN,2022-03-15 14:00,FEW,BKN,,4500.00,5000.00,
FVJN,2022-03-15 15:00,FEW,BKN,,4500.00,5000.00,
FVJN,2022-03-16 03:00,SCT,SCT,,800.00,9000.00,
FVJN,2022-03-16 04:00,BKN,,,800.00,,
FVJN,2022-03-16 06:00,BKN,,,500.00,,
FVJN,2022-03-16 08:00,BKN,,,1600.00,,
FVJN,2022-03-16 09:00,FEW,SCT,,2500.00,30000.00,
FVJN,2022-03-16 10:00,SCT,SCT,,3000.00,30000.00,
FVJN,2022-03-16 11:00,SCT,SCT,,3000.00,30000.00,
FVJN,2022-03-16 13:00,FEW,BKN,,3500.00,4000.00,
FVJN,2022-03-16 14:00,FEW,BKN,,3500.00,4000.00,
FVJN,2022-03-16 15:00,FEW,BKN,,4000.00,4000.00,
FVJN,2022-03-16 16:00,FEW,BKN,,3500.00,4000.00,
FVJN,2022-03-17 05:00,OVC,,,600.00,,
FVJN,2022-03-17 06:00,OVC,,,600.00,,
FVJN,2022-03-17 07:00,OVC,,,600.00,,
FVJN,2022-03-17 08:00,OVC,,,800.00,,
FVJN,2022-03-17 09:00,OVC,,,800.00,,
FVJN,2022-03-17 10:00,OVC,,,800.00,,
FVJN,2022-03-17 12:00,OVC,,,800.00,,
FVJN,2022-03-17 14:00,OVC,,,800.00,,
FVJN,2022-03-17 15:00,BKN,,,800.00,,
FVJN,2022-03-17 16:00,BKN,,,800.00,,
FVJN,2022-03-18 03:00,OVC,,,600.00,,
FVJN,2022-03-18 04:00,OVC,,,600.00,,
FVJN,2022-03-18 05:00,OVC,,,600.00,,
FVJN,2022-03-18 06:00,OVC,,,800.00,,
FVJN,2022-03-18 07:00,BKN,SCT,,800.00,9000.00,
FVJN,2022-03-18 14:00,SCT,SCT,,3500.00,9000.00,
FVJN,2022-03-19 13:00,,,,,,
FVJN,2022-03-19 15:00,,,,,,
FVJN,2022-03-20 11:00,,,,,,
FVJN,2022-03-20 12:00,,,,,,
FVJN,2022-03-20 14:00,,,,,,
FVJN,2022-03-20 15:00,,,,,,
FVJN,2022-03-20 16:00,,,,,,
FVJN,2022-03-21 04:00,,,,,,
FVJN,2022-03-21 05:00,,,,,,
FVJN,2022-03-21 06:00,,,,,,
FVJN,2022-03-22 04:00,,,,,,
FVJN,2022-03-22 05:00,,,,,,
FVJN,2022-03-22 06:00,,,,,,
FVJN,2022-03-22 08:00,FEW,,,2500.00,,
FVJN,2022-03-22 09:00,FEW,,,3000.00,,
FVJN,2022-03-23 04:00,,,,,,
FVJN,2022-03-23 05:00,,,,,,
FVJN,2022-03-23 07:00,,,,,,
FVJN,2022-03-23 09:00,FEW,,,4000.00,,
FVJN,2022-03-23 10:00,,,,,,
FVJN,2022-03-23 12:00,,,,,,
FVJN,2022-03-26 12:00,BKN,,,3000.00,,
FVJN,2022-03-26 13:00,FEW,SCT,,3000.00,3500.00,
FVJN,2022-03-26 14:00,FEW,SCT,,3000.00,3500.00,
FVJN,2022-03-26 15:00,FEW,BKN,,3000.00,3500.00,
FVJN,2022-03-27 03:00,,,,,,
FVJN,2022-03-27 04:00,BKN,,,800.00,,
FVJN,2022-03-27 05:00,BKN,,,800.00,,
FVJN,2022-03-27 07:00,BKN,,,1000.00,,
FVJN,2022-03-27 10:00,BKN,,,2000.00,,
FVJN,2022-03-27 11:00,BKN,,,2500.00,,
FVJN,2022-03-27 12:00,BKN,,,2500.00,,
FVJN,2022-03-27 13:00,BKN,SCT,,2500.00,3000.00,
FVJN,2022-03-27 15:00,FEW,,,2500.00,,
FVJN,2022-03-27 16:00,FEW,,,2500.00,,
FVJN,2022-03-28 04:00,OVC,,,800.00,,
FVJN,2022-03-28 06:00,BKN,,,800.00,,
FVJN,2022-03-28 07:00,BKN,,,1000.00,,
FVJN,2022-03-28 08:00,BKN,,,1600.00,,
FVJN,2022-03-28 10:00,BKN,,,2000.00,,
FVJN,2022-03-28 11:00,BKN,,,3000.00,,
FVJN,2022-03-28 13:00,BKN,,,3000.00,,
FVJN,2022-03-28 14:00,BKN,,,3000.00,,
FVJN,2022-03-28 15:00,BKN,,,3000.00,,
FVJN,2022-03-28 16:00,FEW,,,3000.00,,
FVJN,2022-03-29 04:00,FEW,,,800.00,,
FVJN,2022-03-29 06:00,SCT,,,1000.00,,
FVJN,2022-03-29 08:00,SCT,,,3000.00,,
FVJN,2022-03-29 09:00,SCT,,,3500.00,,
FVJN,2022-03-29 10:00,SCT,,,4000.00,,
FVJN,2022-03-29 11:00,SCT,,,4000.00,,
FVJN,2022-03-29 12:00,SCT,,,4000.00,,
FVJN,2022-03-29 14:00,,,,,,
FVJN,2022-03-29 15:00,,,,,,
FVJN,2022-03-30 03:00,,,,,,
FVJN,2022-03-30 04:00,,,,,,
FVJN,2022-03-30 05:00,,,,,,
FVJN,2022-03-30 06:00,,,,,,
FVJN,2022-03-30 07:00,,,,,,
FVJN,2022-03-30 08:00,,,,,,
FVJN,2022-03-30 09:00,FEW,,,3000.00,,
FVJN,2022-03-30 11:00,,,,,,
FVJN,2022-03-30 14:00,,,,,,
FVJN,2022-03-31 09:00,,,,,,
FVJN,2022-04-01 07:00,,,,,,
FVJN,2022-04-01 08:00,,,,,,
FVJN,2022-04-01 09:00,,,,,,
FVJN,2022-04-01 10:00,,,,,,
FVJN,2022-04-01 12:00,,,,,,
FVJN,2022-04-01 13:00,,,,,,
FVJN,2022-04-02 04:00,,,,,,
FVJN,2022-04-02 05:00,,,,,,
FVJN,2022-04-02 06:00,,,,,,
FVJN,2022-04-02 07:00,,,,,,
FVJN,2022-04-02 09:00,,,,,,
FVJN,2022-04-02 12:00,,,,,,
FVJN,2022-04-04 07:00,,,,,,
FVJN,2022-04-04 09:00,BKN,,,3000.00,,
FVJN,2022-04-04 11:00,FEW,BKN,,3000.00,3500.00,
FVJN,2022-04-05 05:00,,,,,,
FVJN,2022-04-05 06:00,,,,,,
FVJN,2022-04-05 09:00,SCT,,,3000.00,,
FVJN,2022-04-06 11:00,,,,,,
FVJN,2022-04-06 12:00,,,,,,
FVJN,2022-04-06 13:00,,,,,,
FVJN,2022-04-07 16:00,,,,,,
FVJN,2022-04-08 03:00,,,,,,
FVJN,2022-04-08 04:00,FEW,,,800.00,,
FVJN,2022-04-08 05:00,FEW,,,800.00,,
FVJN,2022-04-08 06:00,BKN,,,1000.00,,
FVJN,2022-04-08 09:00,SCT,,,3000.00,,
FVJN,2022-04-08 12:00,FEW,SCT,,2500.00,3000.00,
FVJN,2022-04-08 13:00,FEW,,,3000.00,,
FVJN,2022-04-08 14:00,FEW,,,3000.00,,
FVJN,2022-04-08 15:00,FEW,,,3000.00,,
FVJN,2022-04-08 16:00,FEW,,,3000.00,,
FVJN,2022-04-09 04:00,BKN,,,800.00,,
FVJN,2022-04-09 06:00,SCT,BKN,,500.00,800.00,
FVJN,2022-04-09 08:00,BKN,,,1600.00,,
FVJN,2022-04-09 09:00,BKN,,,2000.00,,
FVJN,2022-04-09 10:00,BKN,,,2000.00,,
FVJN,2022-04-09 11:00,BKN,,,2000.00,,
FVJN,2022-04-09 12:00,BKN,,,2000.00,,
FVJN,2022-04-09 13:00,BKN,,,2000.00,,
FVJN,2022-04-09 14:00,BKN,,,800.00,,
FVJN,2022-04-09 15:00,BKN,,,800.00,,
FVJN,2022-04-09 16:00,BKN,,,800.00,,
FVJN,2022-04-10 03:00,BKN,,,800.00,,
FVJN,2022-04-10 04:00,BKN,,,800.00,,
FVJN,2022-04-10 05:00,BKN,,,800.00,,
FVJN,2022-04-10 09:00,BKN,,,2000.00,,
FVJN,2022-04-10 10:00,BKN,,,2000.00,,
FVJN,2022-04-10 12:00,BKN,,,2000.00,,
FVJN,2022-04-10 14:00,BKN,,,2000.00,,
FVJN,2022-04-10 15:00,BKN,,,2000.00,,
FVJN,2022-04-10 16:00,BKN,,,2000.00,,
FVJN,2022-04-11 03:00,OVC,,,800.00,,
FVJN,2022-04-11 05:00,BKN,,,800.00,,
FVJN,2022-04-11 06:00,BKN,,,500.00,,
FVJN,2022-04-11 07:00,BKN,,,800.00,,
FVJN,2022-04-11 09:00,SCT,,,2000.00,,
FVJN,2022-04-11 12:00,SCT,,,4000.00,,
FVJN,2022-04-11 15:00,FEW,,,4000.00,,
FVJN,2022-04-12 04:00,OVC,,,800.00,,
FVJN,2022-04-12 06:00,BKN,,,800.00,,
FVJN,2022-04-12 07:00,FEW,,,2000.00,,
FVJN,2022-04-12 08:00,,,,,,
FVJN,2022-04-12 09:00,FEW,,,3000.00,,
FVJN,2022-04-12 10:00,SCT,,,4000.00,,
FVJN,2022-04-12 11:00,,,,,,
FVJN,2022-04-12 12:00,,,,,,
FVJN,2022-04-12 13:00,SCT,,,5000.00,,
FVJN,2022-04-12 15:00,FEW,,,5000.00,,
FVJN,2022-04-13 03:00,,,,,,
FVJN,2022-04-13 04:00,,,,,,
FVJN,2022-04-13 05:00,,,,,,
FVJN,2022-04-13 06:00,,,,,,
FVJN,2022-04-13 07:00,,,,,,
FVJN,2022-04-13 09:00,SCT,,,4000.00,,
FVJN,2022-04-13 10:00,SCT,,,4500.00,,
FVJN,2022-04-13 11:00,,,,,,
FVJN,2022-04-13 13:00,,,,,,
FVJN,2022-04-13 14:00,,,,,,
FVJN,2022-04-13 15:00,,,,,,
FVJN,2022-04-14 03:00,,,,,,
FVJN,2022-04-14 04:00,,,,,,
FVJN,2022-04-14 05:00,,,,,,
FVJN,2022-04-14 06:00,,,,,,
FVJN,2022-04-14 07:00,,,,,,
FVJN,2022-04-14 08:00,FEW,BKN,,3000.00,30000.00,
FVJN,2022-04-14 09:00,SCT,,,4000.00,,
FVJN,2022-04-14 10:00,SCT,,,4000.00,,
FVJN,2022-04-15 09:00,FEW,BKN,,3500.00,9000.00,
FVJN,2022-04-15 12:00,FEW,SCT,,4500.00,5000.00,
FVJN,2022-04-16 06:00,,,,,,
FVJN,2022-04-16 07:00,,,,,,
FVJN,2022-04-16 08:00,FEW,BKN,,1600.00,10000.00,
FVJN,2022-04-16 09:00,FEW,BKN,,2000.00,10000.00,
FVJN,2022-04-16 11:00,FEW,BKN,,3000.00,10000.00,
FVJN,2022-04-16 12:00,FEW,SCT,,3500.00,10000.00,
FVJN,2022-04-16 14:00,FEW,BKN,,3000.00,3500.00,
FVJN,2022-04-16 15:00,BKN,FEW,BKN,1000.00,3000.00,9000.00
FVJN,2022-04-16 16:00,FEW,FEW,BKN,1000.00,3000.00,9000.00
FVJN,2022-04-17 03:00,OVC,,,800.00,,
FVJN,2022-04-17 04:00,OVC,,,800.00,,
FVJN,2022-04-17 05:00,OVC,,,800.00,,
FVJN,2022-04-17 06:00,OVC,,,800.00,,
FVJN,2022-04-17 07:00,OVC,,,800.00,,
FVJN,2022-04-17 08:00,BKN,,,1000.00,,
FVJN,2022-04-17 09:00,BKN,,,1200.00,,
FVJN,2022-04-17 15:00,FEW,BKN,,3000.00,9000.00,
FVJN,2022-04-18 05:00,OVC,,,2500.00,,
FVJN,2022-04-18 08:00,SCT,,,1000.00,,
FVJN,2022-04-18 09:00,SCT,,,2000.00,,
FVJN,2022-04-18 12:00,FEW,SCT,BKN,3500.00,4000.00,9000.00
FVJN,2022-04-19 05:00,BKN,,,800.00,,
FVJN,2022-04-19 06:00,BKN,,,500.00,,
FVJN,2022-04-19 07:00,BKN,,,800.00,,
FVJN,2022-04-19 09:00,BKN,,,1400.00,,
FVJN,2022-04-19 10:00,BKN,,,1400.00,,
FVJN,2022-04-19 11:00,BKN,,,1400.00,,
FVJN,2022-04-19 13:00,BKN,,,2000.00,,
FVJN,2022-04-19 15:00,BKN,,,2000.00,,
FVJN,2022-04-19 16:00,BKN,,,2000.00,,
FVJN,2022-04-20 03:00,OVC,,,800.00,,
FVJN,2022-04-20 04:00,BKN,,,800.00,,
FVJN,2022-04-20 08:00,BKN,,,1000.00,,
FVJN,2022-04-20 09:00,BKN,,,1600.00,,
FVJN,2022-04-24 06:00,FEW,,,1000.00,,
FVJN,2022-04-24 07:00,FEW,,,2000.00,,
FVJN,2022-04-24 08:00,FEW,,,2500.00,,
FVJN,2022-04-24 09:00,FEW,,,3000.00,,
FVJN,2022-04-24 10:00,SCT,,,3500.00,,
FVJN,2022-04-24 12:00,SCT,,,4500.00,,
FVJN,2022-04-24 13:00,,,,,,
FVJN,2022-04-24 15:00,FEW,,,5000.00,,
FVJN,2022-04-25 03:00,,,,,,
FVJN,2022-04-25 04:00,,,,,,
FVJN,2022-04-25 05:00,,,,,,
FVJN,2022-04-25 06:00,,,,,,
FVJN,2022-04-25 08:00,FEW,,,4500.00,,
FVJN,2022-04-25 09:00,,,,,,
FVJN,2022-04-25 10:00,,,,,,
FVJN,2022-04-25 11:00,,,,,,
FVJN,2022-04-25 12:00,,,,,,
FVJN,2022-04-25 13:00,,,,,,
FVJN,2022-04-25 14:00,,,,,,
FVJN,2022-04-26 04:00,,,,,,
FVJN,2022-04-26 06:00,,,,,,
FVJN,2022-04-26 09:00,,,,,,
FVJN,2022-04-26 11:00,SCT,,,4000.00,,
FVJN,2022-04-27 08:00,BKN,,,2000.00,,
FVJN,2022-04-27 09:00,BKN,,,2500.00,,
FVJN,2022-04-28 03:00,BKN,,,800.00,,
FVJN,2022-04-28 09:00,BKN,,,2000.00,,
FVJN,2022-04-28 10:00,BKN,,,3000.00,,
FVJN,2022-04-28 11:00,BKN,,,3000.00,,
FVJN,2022-04-28 12:00,SCT,,,4000.00,,
FVJN,2022-04-28 13:00,SCT,,,4000.00,,
FVJN,2022-04-28 14:00,FEW,,,4000.00,,
FVJN,2022-04-28 15:00,FEW,,,4000.00,,
FVJN,2022-04-29 04:00,,,,,,
FVJN,2022-04-29 05:00,,,,,,
FVJN,2022-04-29 06:00,,,,,,
FVJN,2022-04-29 07:00,,,,,,
FVJN,2022-04-29 08:00,,,,,,
FVJN,2022-04-29 09:00,,,,,,
FVJN,2022-04-29 11:00,,,,,,
FVJN,2022-04-29 13:00,,,,,,
FVJN,2022-04-29 14:00,,,,,,
FVJN,2022-04-29 15:00,,,,,,
FVJN,2022-04-29 16:00,,,,,,
FVJN,2022-04-30 04:00,,,,,,
FVJN,2022-04-30 05:00,,,,,,
FVJN,2022-04-30 06:00,,,,,,
FVJN,2022-04-30 09:00,,,,,,
FVJN,2022-04-30 12:00,,,,,,
FVJN,2022-05-01 12:00,BKN,,,2500.00,,
FVJN,2022-05-01 15:00,BKN,,,2500.00,,
FVJN,2022-05-01 16:00,BKN,,,2500.00,,
FVJN,2022-05-02 03:00,SCT,,,800.00,,
FVJN,2022-05-02 05:00,BKN,,,800.00,,
FVJN,2022-05-02 06:00,BKN,,,800.00,,
FVJN,2022-05-02 09:00,BKN,,,2200.00,,
FVJN,2022-05-02 11:00,BKN,,,2000.00,,
FVJN,2022-05-02 12:00,BKN,,,3000.00,,
FVJN,2022-05-02 13:00,BKN,,,3000.00,,
FVJN,2022-05-02 14:00,BKN,,,3000.00,,
FVJN,2022-05-02 15:00,SCT,,,3000.00,,
FVJN,2022-05-02 16:00,FEW,,,3000.00,,
FVJN,2022-05-03 04:00,FEW,,,1000.00,,
FVJN,2022-05-03 05:00,FEW,,,1000.00,,
FVJN,2022-05-03 06:00,FEW,,,1200.00,,
FVJN,2022-05-03 07:00,BKN,,,1600.00,,
FVJN,2022-05-03 08:00,BKN,,,1600.00,,
FVJN,2022-05-03 10:00,FEW,,,3000.00,,
FVJN,2022-05-03 11:00,SCT,,,4000.00,,
FVJN,2022-05-03 12:00,SCT,,,4000.00,,
FVJN,2022-05-03 14:00,,,,,,
FVJN,2022-05-03 15:00,,,,,,
FVJN,2022-05-04 04:00,FEW,,,800.00,,
FVJN,2022-05-04 05:00,,,,,,
FVJN,2022-05-04 06:00,,,,,,
FVJN,2022-05-04 07:00,FEW,,,1500.00,,
FVJN,2022-05-04 08:00,FEW,,,3000.00,,
FVJN,2022-05-04 09:00,FEW,,,4500.00,,
FVJN,2022-05-04 12:00,,,,,,
FVJN,2022-05-04 14:00,,,,,,
FVJN,2022-05-04 16:00,,,,,,
FVJN,2022-05-05 03:00,,,,,,
FVJN,2022-05-05 04:00,,,,,,
FVJN,2022-05-05 05:00,,,,,,
FVJN,2022-05-05 06:00,FEW,,,800.00,,
FVJN,2022-05-05 07:00,,,,,,
FVJN,2022-05-05 08:00,FEW,,,2000.00,,
FVJN,2022-05-05 09:00,FEW,,,3000.00,,
FVJN,2022-05-05 14:00,,,,,,
FVJN,2022-05-06 04:00,,,,,,
FVJN,2022-05-06 06:00,,,,,,
FVJN,2022-05-06 12:00,,,,,,
FVJN,2022-05-06 14:00,,,,,,
FVJN,2022-05-07 04:00,,,,,,
FVJN,2022-05-07 05:00,,,,,,
FVJN,2022-05-07 06:00,,,,,,
FVJN,2022-05-07 08:00,,,,,,
FVJN,2022-05-07 09:00,,,,,,
FVJN,2022-05-07 10:00,,,,,,
FVJN,2022-05-07 13:00,,,,,,
FVJN,2022-05-07 15:00,,,,,,
FVJN,2022-05-08 04:00,,,,,,
FVJN,2022-05-08 05:00,,,,,,
FVJN,2022-05-08 06:00,,,,,,
FVJN,2022-05-08 07:00,,,,,,
FVJN,2022-05-09 07:00,,,,,,
FVJN,2022-05-09 08:00,,,,,,
FVJN,2022-05-09 09:00,,,,,,
FVJN,2022-05-10 03:00,,,,,,
FVJN,2022-05-10 05:00,,,,,,
FVJN,2022-05-10 08:00,,,,,,
FVJN,2022-05-10 09:00,,,,,,
FVJN,2022-05-10 10:00,,,,,,
FVJN,2022-05-10 11:00,,,,,,
FVJN,2022-05-10 12:00,,,,,,
FVJN,2022-05-10 14:00,,,,,,
FVJN,2022-05-10 15:00,,,,,,
FVJN,2022-05-11 03:00,BKN,,,600.00,,
FVJN,2022-05-11 04:00,BKN,,,600.00,,
FVJN,2022-05-11 05:00,BKN,,,400.00,,
FVJN,2022-05-11 06:00,BKN,,,200.00,,
FVJN,2022-05-11 07:00,FEW,,,1000.00,,
FVJN,2022-05-11 09:00,FEW,,,4000.00,,
FVJN,2022-05-11 10:00,,,,,,
FVJN,2022-05-11 13:00,,,,,,
FVJN,2022-05-11 15:00,,,,,,
FVJN,2022-05-12 03:00,,,,,,
FVJN,2022-05-12 04:00,,,,,,
FVJN,2022-05-12 05:00,,,,,,
FVJN,2022-05-12 06:00,,,,,,
FVJN,2022-05-12 07:00,,,,,,
FVJN,2022-05-12 09:00,,,,,,
FVJN,2022-05-12 10:00,,,,,,
FVJN,2022-05-12 15:00,,,,,,
FVJN,2022-05-13 03:00,,,,,,
FVJN,2022-05-13 05:00,,,,,,
FVJN,2022-05-13 06:00,,,,,,
FVJN,2022-05-13 07:00,,,,,,
FVJN,2022-05-13 08:00,,,,,,
FVJN,2022-05-13 09:00,,,,,,
FVJN,2022-05-13 10:00,,,,,,
FVJN,2022-05-13 11:00,,,,,,
FVJN,2022-05-13 14:00,,,,,,
FVJN,2022-05-13 16:00,,,,,,
FVJN,2022-05-14 03:00,,,,,,
FVJN,2022-05-14 04:00,,,,,,
FVJN,2022-05-14 05:00,,,,,,
FVJN,2022-05-14 06:00,,,,,,
FVJN,2022-05-14 09:00,,,,,,
FVJN,2022-05-14 10:00,,,,,,
FVJN,2022-05-14 11:00,,,,,,
FVJN,2022-05-14 12:00,,,,,,
FVJN,2022-05-14 14:00,,,,,,
FVJN,2022-05-14 15:00,,,,,,
FVJN,2022-05-15 03:00,,,,,,
FVJN,2022-05-15 04:00,,,,,,
FVJN,2022-05-15 05:00,,,,,,
FVJN,2022-05-15 06:00,,,,,,
FVJN,2022-05-15 07:00,,,,,,
FVJN,2022-05-15 08:00,,,,,,
FVJN,2022-05-15 09:00,,,,,,
FVJN,2022-05-15 10:00,,,,,,
FVJN,2022-05-15 12:00,,,,,,
FVJN,2022-05-15 13:00,,,,,,
FVJN,2022-05-15 14:00,,,,,,
FVJN,2022-05-15 15:00,,,,,,
FVJN,2022-05-15 16:00,,,,,,
FVJN,2022-05-16 04:00,BKN,,,800.00,,
FVJN,2022-05-16 06:00,BKN,,,1200.00,,
FVJN,2022-05-16 07:00,BKN,,,1200.00,,
FVJN,2022-05-16 10:00,BKN,,,3000.00,,
FVJN,2022-05-16 12:00,SCT,,,4000.00,,
FVJN,2022-05-16 13:00,SCT,,,4000.00,,
FVJN,2022-05-16 14:00,SCT,,,4000.00,,
FVJN,2022-05-16 15:00,SCT,,,4000.00,,
FVJN,2022-05-17 03:00,BKN,,,4000.00,,
FVJN,2022-05-17 04:00,FEW,BKN,,800.00,4000.00,
FVJN,2022-05-17 05:00,FEW,BKN,,800.00,5000.00,
FVJN,2022-05-17 06:00,FEW,BKN,,1000.00,5000.00,
FVJN,2022-05-17 09:00,FEW,BKN,,2000.00,8000.00,
FVJN,2022-05-17 10:00,FEW,BKN,,5000.00,8000.00,
FVJN,2022-05-17 12:00,FEW,BKN,,4000.00,8000.00,
FVJN,2022-05-17 15:00,FEW,BKN,,4000.00,8000.00,
FVJN,2022-05-18 03:00,,,,,,
FVJN,2022-05-18 04:00,,,,,,
FVJN,2022-05-18 05:00,,,,,,
FVJN,2022-05-18 06:00,SCT,BKN,,1200.00,9000.00,
FVJN,2022-05-18 09:00,SCT,OVC,,3500.00,9000.00,
FVJN,2022-05-18 12:00,SCT,BKN,,3500.00,8000.00,
FVJN,2022-05-18 15:00,,,,,,
FVJN,2022-05-19 04:00,,,,,,
FVJN,2022-05-19 05:00,,,,,,
FVJN,2022-05-19 07:00,,,,,,
FVJN,2022-05-19 08:00,FEW,BKN,,3000.00,9000.00,
FVJN,2022-05-19 09:00,FEW,BKN,,3500.00,9000.00,
FVJN,2022-05-19 10:00,SCT,BKN,,4000.00,9000.00,
FVJN,2022-05-19 11:00,FEW,BKN,,4000.00,9000.00,
FVJN,2022-05-19 12:00,FEW,BKN,,4000.00,8000.00,
FVJN,2022-05-19 13:00,FEW,BKN,,4000.00,8000.00,
FVJN,2022-05-19 14:00,FEW,BKN,,4000.00,8000.00,
FVJN,2022-05-19 16:00,,,,,,
FVJN,2022-05-20 03:00,,,,,,
FVJN,2022-05-20 04:00,,,,,,
FVJN,2022-05-20 05:00,,,,,,
FVJN,2022-05-20 06:00,,,,,,
FVJN,2022-05-20 07:00,,,,,,
FVJN,2022-05-20 09:00,FEW,BKN,,4500.00,9000.00,
FVJN,2022-05-20 11:00,,,,,,
FVJN,2022-05-20 12:00,,,,,,
FVJN,2022-05-20 14:00,,,,,,
FVJN,2022-05-20 15:00,,,,,,
FVJN,2022-05-20 16:00,,,,,,
FVJN,2022-05-21 04:00,,,,,,
FVJN,2022-05-21 05:00,BKN,,,2500.00,,
FVJN,2022-05-21 06:00,BKN,,,2500.00,,
FVJN,2022-05-21 08:00,BKN,,,3000.00,,
FVJN,2022-05-21 09:00,BKN,,,3000.00,,
FVJN,2022-05-21 10:00,SCT,,,3500.00,,
FVJN,2022-05-21 12:00,,,,,,
FVJN,2022-05-21 14:00,,,,,,
FVJN,2022-05-21 15:00,,,,,,
FVJN,2022-05-21 16:00,,,,,,
FVJN,2022-05-22 05:00,,,,,,
FVJN,2022-05-22 06:00,,,,,,
FVJN,2022-05-22 07:00,,,,,,
FVJN,2022-05-22 08:00,,,,,,
FVJN,2022-05-22 10:00,,,,,,
FVJN,2022-05-22 11:00,,,,,,
FVJN,2022-05-22 12:00,,,,,,
FVJN,2022-05-22 13:00,,,,,,
FVJN,2022-05-22 14:00,,,,,,
FVJN,2022-05-22 15:00,,,,,,
FVJN,2022-05-23 03:00,,,,,,
FVJN,2022-05-23 04:00,,,,,,
FVJN,2022-05-23 05:00,,,,,,
FVJN,2022-05-23 06:00,,,,,,
FVJN,2022-05-23 07:00,,,,,,
FVJN,2022-05-23 08:00,,,,,,
FVJN,2022-05-23 09:00,,,,,,
FVJN,2022-05-23 13:00,,,,,,
FVJN,2022-05-24 06:00,,,,,,
FVJN,2022-05-24 08:00,,,,,,
FVJN,2022-05-24 09:00,,,,,,
FVJN,2022-05-24 12:00,,,,,,
FVJN,2022-05-24 15:00,,,,,,
FVJN,2022-05-25 03:00,,,,,,
FVJN,2022-05-25 06:00,,,,,,
FVJN,2022-05-25 07:00,,,,,,
FVJN,2022-05-25 08:00,,,,,,
FVJN,2022-05-25 09:00,,,,,,
FVJN,2022-05-25 10:00,,,,,,
FVJN,2022-05-25 11:00,,,,,,
FVJN,2022-05-25 12:00,,,,,,
FVJN,2022-05-25 13:00,,,,,,
FVJN,2022-05-25 14:00,,,,,,
FVJN,2022-05-25 15:00,,,,,,
FVJN,2022-05-26 04:00,,,,,,
FVJN,2022-05-26 06:00,,,,,,
FVJN,2022-05-26 08:00,,,,,,
FVJN,2022-05-26 11:00,,,,,,
FVJN,2022-05-26 12:00,,,,,,
FVJN,2022-05-26 13:00,,,,,,
FVJN,2022-05-27 07:00,,,,,,
FVJN,2022-05-27 08:00,,,,,,
FVJN,2022-05-27 09:00,,,,,,
FVJN,2022-05-27 10:00,,,,,,
FVJN,2022-05-27 12:00,,,,,,
FVJN,2022-05-27 13:00,,,,,,
FVJN,2022-05-28 07:00,SCT,,,600.00,,
FVJN,2022-05-28 08:00,,,,,,
FVJN,2022-05-28 11:00,,,,,,
FVJN,2022-05-28 13:00,,,,,,
FVJN,2022-05-28 14:00,,,,,,
FVJN,2022-05-28 15:00,,,,,,
FVJN,2022-05-29 03:00,,,,,,
FVJN,2022-05-29 04:00,,,,,,
FVJN,2022-05-29 05:00,,,,,,
FVJN,2022-05-29 06:00,,,,,,
FVJN,2022-05-29 08:00,,,,,,
FVJN,2022-05-29 09:00,,,,,,
FVJN,2022-05-29 10:00,,,,,,
FVJN,2022-05-29 11:00,,,,,,
FVJN,2022-05-29 12:00,,,,,,
FVJN,2022-05-29 13:00,,,,,,
FVJN,2022-05-29 15:00,,,,,,
FVJN,2022-05-29 16:00,,,,,,
FVJN,2022-05-30 05:00,,,,,,
FVJN,2022-05-30 06:00,,,,,,
FVJN,2022-05-30 07:00,,,,,,
FVJN,2022-05-30 10:00,,,,,,
FVJN,2022-05-30 15:00,,,,,,
FVJN,2022-05-31 04:00,FEW,,,800.00,,
FVJN,2022-05-31 06:00,FEW,,,1000.00,,
FVJN,2022-05-31 07:00,FEW,,,1600.00,,
FVJN,2022-05-31 08:00,,,,,,
FVJN,2022-05-31 09:00,,,,,,
FVJN,2022-05-31 10:00,,,,,,
FVJN,2022-05-31 12:00,,,,,,
FVJN,2022-05-31 13:00,,,,,,
FVJN,2022-06-01 03:00,,,,,,
FVJN,2022-06-01 04:00,,,,,,
FVJN,2022-06-01 05:00,FEW,,,2000.00,,
FVJN,2022-06-01 06:00,BKN,,,1000.00,,
FVJN,2022-06-01 07:00,BKN,,,1000.00,,
FVJN,2022-06-01 08:00,BKN,,,1600.00,,
FVJN,2022-06-01 09:00,BKN,,,2000.00,,
FVJN,2022-06-01 10:00,SCT,,,4000.00,,
FVJN,2022-06-01 15:00,,,,,,
FVJN,2022-06-02 03:00,,,,,,
FVJN,2022-06-02 04:00,FEW,,,800.00,,
FVJN,2022-06-02 06:00,FEW,,,1000.00,,
FVJN,2022-06-02 07:00,FEW,,,1500.00,,
FVJN,2022-06-02 13:00,,,,,,
FVJN,2022-06-03 06:00,,,,,,
FVJN,2022-06-03 08:00,FEW,,,3000.00,,
FVJN,2022-06-03 16:00,,,,,,
FVJN,2022-06-04 03:00,,,,,,
FVJN,2022-06-04 08:00,FEW,,,3000.00,,
FVJN,2022-06-04 09:00,FEW,,,4000.00,,
FVJN,2022-06-04 11:00,,,,,,
FVJN,2022-06-04 12:00,,,,,,
FVJN,2022-06-04 14:00,,,,,,
FVJN,2022-06-05 03:00,,,,,,
FVJN,2022-06-05 04:00,,,,,,
FVJN,2022-06-05 06:00,,,,,,
FVJN,2022-06-05 07:00,FEW,,,2000.00,,
FVJN,2022-06-05 09:00,FEW,,,4000.00,,
FVJN,2022-06-05 11:00,,,,,,
FVJN,2022-06-05 12:00,,,,,,
FVJN,2022-06-05 13:00,,,,,,
FVJN,2022-06-05 14:00,,,,,,
FVJN,2022-06-05 15:00,,,,,,
FVJN,2022-06-05 16:00,,,,,,
FVJN,2022-06-06 03:00,BKN,,,800.00,,
FVJN,2022-06-06 04:00,BKN,,,800.00,,
FVJN,2022-06-06 05:00,BKN,,,800.00,,
FVJN,2022-06-06 06:00,BKN,,,800.00,,
FVJN,2022-06-06 09:00,BKN,,,1200.00,,
FVJN,2022-06-06 12:00,BKN,,,4500.00,,
FVJN,2022-06-06 13:00,,,,,,
FVJN,2022-06-06 14:00,,,,,,
FVJN,2022-06-06 15:00,,,,,,
FVJN,2022-06-07 04:00,BKN,,,800.00,,
FVJN,2022-06-07 06:00,BKN,,,1500.00,,
FVJN,2022-06-07 07:00,FEW,,,2500.00,,
FVJN,2022-06-07 08:00,FEW,,,3500.00,,
FVJN,2022-06-07 09:00,,,,,,
FVJN,2022-06-07 10:00,,,,,,
FVJN,2022-06-07 11:00,,,,,,
FVJN,2022-06-07 12:00,,,,,,
FVJN,2022-06-07 13:00,,,,,,
FVJN,2022-06-07 14:00,,,,,,
FVJN,2022-06-07 15:00,,,,,,
FVJN,2022-06-07 16:00,,,,,,
FVJN,2022-06-08 03:00,,,,,,
FVJN,2022-06-08 04:00,,,,,,
FVJN,2022-06-08 05:00,,,,,,
FVJN,2022-06-08 06:00,,,,,,
FVJN,2022-06-08 07:00,,,,,,
FVJN,2022-06-08 08:00,,,,,,
FVJN,2022-06-08 09:00,,,,,,
FVJN,2022-06-08 13:00,,,,,,
FVJN,2022-06-09 04:00,,,,,,
FVJN,2022-06-09 05:00,,,,,,
FVJN,2022-06-09 06:00,,,,,,
FVJN,2022-06-09 07:00,,,,,,
FVJN,2022-06-09 09:00,,,,,,
FVJN,2022-06-09 10:00,,,,,,
FVJN,2022-06-09 12:00,,,,,,
FVJN,2022-06-09 13:00,,,,,,
FVJN,2022-06-09 16:00,,,,,,
FVJN,2022-06-10 03:00,,,,,,
FVJN,2022-06-10 04:00,,,,,,
FVJN,2022-06-10 05:00,,,,,,
FVJN,2022-06-10 09:00,,,,,,
FVJN,2022-06-10 15:00,,,,,,
FVJN,2022-06-10 16:00,,,,,,
FVJN,2022-06-11 03:00,,,,,,
FVJN,2022-06-11 04:00,,,,,,
FVJN,2022-06-11 05:00,BKN,,,800.00,,
FVJN,2022-06-11 06:00,BKN,,,800.00,,
FVJN,2022-06-11 07:00,FEW,,,1600.00,,
FVJN,2022-06-11 08:00,FEW,,,2000.00,,
FVJN,2022-06-11 09:00,FEW,,,3000.00,,
FVJN,2022-06-11 10:00,FEW,,,4000.00,,
FVJN,2022-06-11 11:00,,,,,,
FVJN,2022-06-11 12:00,,,,,,
FVJN,2022-06-11 14:00,,,,,,
FVJN,2022-06-11 15:00,,,,,,
FVJN,2022-06-12 06:00,BKN,,,800.00,,
FVJN,2022-06-12 09:00,FEW,,,4000.00,,
FVJN,2022-06-12 12:00,,,,,,
FVJN,2022-06-12 13:00,,,,,,
FVJN,2022-06-12 15:00,,,,,,
FVJN,2022-06-13 03:00,,,,,,
FVJN,2022-06-13 04:00,,,,,,
FVJN,2022-06-13 05:00,,,,,,
FVJN,2022-06-13 06:00,,,,,,
FVJN,2022-06-13 07:00,,,,,,
FVJN,2022-06-13 08:00,,,,,,
FVJN,2022-06-13 10:00,,,,,,
FVJN,2022-06-13 11:00,,,,,,
FVJN,2022-06-13 12:00,,,,,,
FVJN,2022-06-13 13:00,,,,,,
FVJN,2022-06-13 15:00,,,,,,
FVJN,2022-06-13 16:00,,,,,,
FVJN,2022-06-14 03:00,,,,,,
FVJN,2022-06-14 05:00,,,,,,
FVJN,2022-06-14 06:00,,,,,,
FVJN,2022-06-14 08:00,,,,,,
FVJN,2022-06-14 09:00,,,,,,
FVJN,2022-06-14 10:00,,,,,,
FVJN,2022-06-14 12:00,,,,,,
FVJN,2022-06-14 13:00,,,,,,
FVJN,2022-06-14 14:00,,,,,,
FVJN,2022-06-14 15:00,,,,,,
FVJN,2022-06-15 03:00,,,,,,
FVJN,2022-06-15 05:00,,,,,,
FVJN,2022-06-15 06:00,,,,,,
FVJN,2022-06-15 07:00,,,,,,
FVJN,2022-06-15 08:00,,,,,,
FVJN,2022-06-15 10:00,,,,,,
FVJN,2022-06-15 11:00,,,,,,
FVJN,2022-06-15 13:00,,,,,,
FVJN,2022-06-15 14:00,,,,,,
FVJN,2022-06-15 15:00,,,,,,
FVJN,2022-06-16 04:00,,,,,,
FVJN,2022-06-16 05:00,,,,,,
FVJN,2022-06-16 06:00,,,,,,
FVJN,2022-06-16 09:00,,,,,,
FVJN,2022-06-16 13:00,,,,,,
FVJN,2022-06-17 03:00,BKN,,,300.00,,
FVJN,2022-06-17 06:00,SCT,,,800.00,,
FVJN,2022-06-17 07:00,FEW,,,1500.00,,
FVJN,2022-06-17 08:00,,,,,,
FVJN,2022-06-17 09:00,,,,,,
FVJN,2022-06-17 12:00,,,,,,
FVJN,2022-06-18 03:00,,,,,,
FVJN,2022-06-18 06:00,,,,,,
FVJN,2022-06-18 08:00,,,,,,
FVJN,2022-06-18 09:00,,,,,,
FVJN,2022-06-18 10:00,,,,,,
FVJN,2022-06-18 11:00,,,,,,
FVJN,2022-06-18 12:00,,,,,,
FVJN,2022-06-18 13:00,,,,,,
FVJN,2022-06-18 14:00,,,,,,
FVJN,2022-06-18 15:00,,,,,,
FVJN,2022-06-19 03:00,,,,,,
FVJN,2022-06-19 04:00,,,,,,
FVJN,2022-06-19 05:00,,,,,,
FVJN,2022-06-19 07:00,,,,,,
FVJN,2022-06-19 09:00,,,,,,
FVJN,2022-06-19 10:00,,,,,,
FVJN,2022-06-19 12:00,,,,,,
FVJN,2022-06-19 13:00,,,,,,
FVJN,2022-06-19 14:00,,,,,,
FVJN,2022-06-19 15:00,,,,,,
FVJN,2022-06-20 04:00,,,,,,
FVJN,2022-06-20 06:00,,,,,,
FVJN,2022-06-20 07:00,,,,,,
FVJN,2022-06-20 08:00,,,,,,
FVJN,2022-06-20 09:00,,,,,,
FVJN,2022-06-20 11:00,,,,,,
FVJN,2022-06-20 12:00,,,,,,
FVJN,2022-06-20 15:00,,,,,,
FVJN,2022-06-21 03:00,FEW,,,600.00,,
FVJN,2022-06-21 04:00,BKN,,,800.00,,
FVJN,2022-06-21 07:00,BKN,,,1000.00,,
FVJN,2022-06-21 08:00,SCT,,,1200.00,,
FVJN,2022-06-21 09:00,SCT,,,1800.00,,
FVJN,2022-06-21 10:00,SCT,,,2000.00,,
FVJN,2022-06-21 12:00,SCT,,,3000.00,,
FVJN,2022-06-22 07:00,FEW,,,2000.00,,
FVJN,2022-06-22 08:00,SCT,,,3000.00,,
FVJN,2022-06-22 09:00,SCT,,,4000.00,,
FVJN,2022-06-22 10:00,SCT,,,4000.00,,
FVJN,2022-06-22 11:00,,,,,,
FVJN,2022-06-22 14:00,,,,,,
FVJN,2022-06-22 15:00,,,,,,
FVJN,2022-06-22 16:00,,,,,,
FVJN,2022-06-23 03:00,,,,,,
FVJN,2022-06-23 08:00,,,,,,
FVJN,2022-06-23 09:00,,,,,,
FVJN,2022-06-23 11:00,,,,,,
FVJN,2022-06-23 13:00,,,,,,
FVJN,2022-06-23 14:00,,,,,,
FVJN,2022-06-23 15:00,,,,,,
FVJN,2022-06-24 03:00,,,,,,
FVJN,2022-06-24 04:00,,,,,,
FVJN,2022-06-24 05:00,,,,,,
FVJN,2022-06-24 07:00,,,,,,
FVJN,2022-06-24 08:00,,,,,,
FVJN,2022-06-24 09:00,,,,,,
FVJN,2022-06-24 10:00,,,,,,
FVJN,2022-06-24 12:00,,,,,,
FVJN,2022-06-24 13:00,,,,,,
FVJN,2022-06-24 14:00,,,,,,
FVJN,2022-06-24 15:00,,,,,,
FVJN,2022-06-25 04:00,,,,,,
FVJN,2022-06-25 06:00,,,,,,
FVJN,2022-06-25 07:00,,,,,,
FVJN,2022-06-25 08:00,,,,,,
FVJN,2022-06-25 09:00,,,,,,
FVJN,2022-06-25 10:00,,,,,,
FVJN,2022-06-25 11:00,,,,,,
FVJN,2022-06-25 12:00,,,,,,
FVJN,2022-06-25 13:00,,,,,,
FVJN,2022-06-25 14:00,,,,,,
FVJN,2022-06-25 15:00,,,,,,
FVJN,2022-06-25 16:00,,,,,,
FVJN,2022-06-26 03:00,FEW,,,800.00,,
FVJN,2022-06-26 04:00,FEW,,,800.00,,
FVJN,2022-06-26 06:00,OVC,,,1000.00,,
FVJN,2022-06-26 07:00,OVC,,,1000.00,,
FVJN,2022-06-26 08:00,BKN,OVC,,1000.00,8000.00,
FVJN,2022-06-26 10:00,OVC,,,1000.00,,
FVJN,2022-06-26 12:00,BKN,BKN,,2000.00,8000.00,
FVJN,2022-06-26 14:00,OVC,,,600.00,,
FVJN,2022-06-26 16:00,BKN,,,600.00,,
FVJN,2022-06-27 05:00,BKN,,,400.00,,
FVJN,2022-06-27 06:00,BKN,,,500.00,,
FVJN,2022-06-27 08:00,BKN,,,1000.00,,
FVJN,2022-06-27 09:00,BKN,,,2000.00,,
FVJN,2022-06-27 10:00,BKN,,,2000.00,,
FVJN,2022-06-27 11:00,BKN,,,2000.00,,
FVJN,2022-06-27 13:00,BKN,SCT,,3500.00,9000.00,
FVJN,2022-06-27 14:00,SCT,BKN,,3500.00,9000.00,
FVJN,2022-06-27 15:00,FEW,BKN,,3500.00,9000.00,
FVJN,2022-06-28 04:00,SCT,,,800.00,,
FVJN,2022-06-28 05:00,SCT,,,800.00,,
FVJN,2022-06-28 06:00,BKN,,,800.00,,
FVJN,2022-06-28 07:00,BKN,,,1000.00,,
FVJN,2022-06-28 08:00,BKN,,,1000.00,,
FVJN,2022-06-28 09:00,BKN,,,1600.00,,
FVJN,2022-06-28 10:00,BKN,,,1600.00,,
FVJN,2022-06-28 12:00,BKN,,,2500.00,,
FVJN,2022-06-28 13:00,BKN,,,2500.00,,
FVJN,2022-06-28 14:00,BKN,,,2500.00,,
FVJN,2022-06-28 15:00,BKN,,,2500.00,,
FVJN,2022-06-28 16:00,BKN,,,2500.00,,
FVJN,2022-06-29 03:00,BKN,,,600.00,,
FVJN,2022-06-29 04:00,BKN,,,600.00,,
FVJN,2022-06-29 06:00,BKN,,,800.00,,
FVJN,2022-06-29 07:00,BKN,,,1000.00,,
FVJN,2022-06-29 09:00,BKN,,,1800.00,,
FVJN,2022-06-29 15:00,BKN,,,2000.00,,
FVJN,2022-06-30 03:00,BKN,,,600.00,,
FVJN,2022-06-30 04:00,BKN,,,600.00,,
FVJN,2022-06-30 05:00,BKN,,,800.00,,
FVJN,2022-06-30 06:00,OVC,,,900.00,,
FVJN,2022-06-30 08:00,BKN,,,1600.00,,
FVJN,2022-06-30 09:00,BKN,,,2000.00,,
FVJN,2022-06-30 10:00,BKN,,,2300.00,,
FVJN,2022-06-30 13:00,BKN,,,3200.00,,
FVJN,2022-07-01 03:00,,,,,,
FVJN,2022-07-01 05:00,BKN,,,800.00,,
FVJN,2022-07-01 07:00,BKN,,,600.00,,
FVJN,2022-07-01 16:00,FEW,,,3000.00,,
FVJN,2022-07-01 17:00,FEW,,,3000.00,,
FVJN,2022-07-02 07:00,FEW,SCT,,1000.00,8000.00,
FVJN,2022-07-02 09:00,FEW,BKN,,2500.00,10000.00,
FVJN,2022-07-03 08:00,,,,,,
FVJN,2022-07-03 09:00,FEW,,,4000.00,,
FVJN,2022-07-03 10:00,SCT,,,4500.00,,
FVJN,2022-07-03 11:00,,,,,,
FVJN,2022-07-03 12:00,,,,,,
FVJN,2022-07-03 13:00,,,,,,
FVJN,2022-07-03 14:00,,,,,,
FVJN,2022-07-03 15:00,,,,,,
FVJN,2022-07-04 03:00,,,,,,
FVJN,2022-07-04 04:00,,,,,,
FVJN,2022-07-04 05:00,,,,,,
FVJN,2022-07-04 06:00,,,,,,
FVJN,2022-07-04 09:00,,,,,,
FVJN,2022-07-04 12:00,,,,,,
FVJN,2022-07-04 15:00,,,,,,
FVJN,2022-07-04 16:00,,,,,,
FVJN,2022-07-05 03:00,,,,,,
FVJN,2022-07-05 04:00,,,,,,
FVJN,2022-07-05 06:00,,,,,,
FVJN,2022-07-05 07:00,,,,,,
FVJN,2022-07-05 08:00,,,,,,
FVJN,2022-07-05 10:00,,,,,,
FVJN,2022-07-05 11:00,,,,,,
FVJN,2022-07-05 12:00,,,,,,
FVJN,2022-07-05 15:00,,,,,,
FVJN,2022-07-06 03:00,,,,,,
FVJN,2022-07-06 04:00,,,,,,
FVJN,2022-07-06 07:00,,,,,,
FVJN,2022-07-06 09:00,,,,,,
FVJN,2022-07-06 10:00,,,,,,
FVJN,2022-07-06 11:00,,,,,,
FVJN,2022-07-06 12:00,,,,,,
FVJN,2022-07-06 13:00,,,,,,
FVJN,2022-07-06 15:00,,,,,,
FVJN,2022-07-07 03:00,,,,,,
FVJN,2022-07-07 04:00,,,,,,
FVJN,2022-07-07 06:00,,,,,,
FVJN,2022-07-07 08:00,,,,,,
FVJN,2022-07-07 09:00,,,,,,
FVJN,2022-07-07 12:00,,,,,,
FVJN,2022-07-07 14:00,,,,,,
FVJN,2022-07-07 15:00,,,,,,
FVJN,2022-07-08 06:00,,,,,,
FVJN,2022-07-08 07:00,,,,,,
FVJN,2022-07-08 08:00,,,,,,
FVJN,2022-07-08 09:00,,,,,,
FVJN,2022-07-08 10:00,,,,,,
FVJN,2022-07-08 11:00,,,,,,
FVJN,2022-07-08 12:00,,,,,,
FVJN,2022-07-08 13:00,,,,,,
FVJN,2022-07-08 14:00,,,,,,
FVJN,2022-07-08 15:00,,,,,,
FVJN,2022-07-08 16:00,,,,,,
FVJN,2022-07-09 03:00,,,,,,
FVJN,2022-07-09 04:00,,,,,,
FVJN,2022-07-09 05:00,,,,,,
FVJN,2022-07-09 06:00,,,,,,
FVJN,2022-07-09 07:00,,,,,,
FVJN,2022-07-09 08:00,,,,,,
FVJN,2022-07-09 10:00,,,,,,
FVJN,2022-07-09 11:00,,,,,,
FVJN,2022-07-09 12:00,,,,,,
FVJN,2022-07-09 13:00,,,,,,
FVJN,2022-07-09 14:00,,,,,,
FVJN,2022-07-09 15:00,,,,,,
FVJN,2022-07-09 16:00,,,,,,
FVJN,2022-07-10 03:00,,,,,,
FVJN,2022-07-10 04:00,,,,,,
FVJN,2022-07-10 06:00,,,,,,
FVJN,2022-07-10 07:00,,,,,,
FVJN,2022-07-10 08:00,,,,,,
FVJN,2022-07-10 09:00,,,,,,
FVJN,2022-07-10 10:00,,,,,,
FVJN,2022-07-10 12:00,,,,,,
FVJN,2022-07-10 14:00,,,,,,
FVJN,2022-07-10 15:00,,,,,,
FVJN,2022-07-10 16:00,,,,,,
FVJN,2022-07-10 17:00,,,,,,
FVJN,2022-07-11 03:00,,,,,,
FVJN,2022-07-11 04:00,,,,,,
FVJN,2022-07-11 05:00,,,,,,
FVJN,2022-07-11 06:00,,,,,,
FVJN,2022-07-11 07:00,,,,,,
FVJN,2022-07-11 12:00,,,,,,
FVJN,2022-07-11 15:00,,,,,,
FVJN,2022-07-11 16:00,,,,,,
FVJN,2022-07-12 03:00,,,,,,
FVJN,2022-07-12 04:00,,,,,,
FVJN,2022-07-12 05:00,,,,,,
FVJN,2022-07-12 06:00,,,,,,
FVJN,2022-07-12 09:00,,,,,,
FVJN,2022-07-12 10:00,,,,,,
FVJN,2022-07-12 11:00,,,,,,
FVJN,2022-07-12 13:00,,,,,,
FVJN,2022-07-12 15:00,,,,,,
FVJN,2022-07-12 16:00,,,,,,
FVJN,2022-07-12 17:00,,,,,,
FVJN,2022-07-13 04:00,,,,,,
FVJN,2022-07-13 06:00,,,,,,
FVJN,2022-07-13 07:00,,,,,,
FVJN,2022-07-13 08:00,FEW,BKN,,4000.00,8000.00,
FVJN,2022-07-13 09:00,,,,,,
FVJN,2022-07-13 10:00,,,,,,
FVJN,2022-07-13 11:00,,,,,,
FVJN,2022-07-13 12:00,,,,,,
FVJN,2022-07-13 13:00,,,,,,
FVJN,2022-07-13 14:00,,,,,,
FVJN,2022-07-13 15:00,,,,,,
FVJN,2022-07-14 03:00,,,,,,
FVJN,2022-07-14 05:00,,,,,,
FVJN,2022-07-14 06:00,,,,,,
FVJN,2022-07-14 07:00,,,,,,
FVJN,2022-07-14 09:00,,,,,,
FVJN,2022-07-14 11:00,,,,,,
FVJN,2022-07-14 12:00,,,,,,
FVJN,2022-07-14 13:00,,,,,,
FVJN,2022-07-14 14:00,,,,,,
FVJN,2022-07-14 17:00,,,,,,
FVJN,2022-07-15 03:00,,,,,,
FVJN,2022-07-15 04:00,,,,,,
FVJN,2022-07-15 06:00,,,,,,
FVJN,2022-07-15 12:00,,,,,,
FVJN,2022-07-16 09:00,FEW,,,3000.00,,
FVJN,2022-07-17 08:00,BKN,,,2000.00,,
FVJN,2022-07-17 09:00,SCT,,,3000.00,,
FVJN,2022-07-17 12:00,,,,,,
FVJN,2022-07-18 03:00,BKN,,,800.00,,
FVJN,2022-07-18 06:00,BKN,,,800.00,,
FVJN,2022-07-18 07:00,FEW,,,1200.00,,
FVJN,2022-07-18 08:00,FEW,,,2000.00,,
FVJN,2022-07-18 09:00,FEW,,,3000.00,,
FVJN,2022-07-18 14:00,SCT,BKN,,4500.00,5000.00,
FVJN,2022-07-18 15:00,FEW,BKN,,4500.00,5000.00,
FVJN,2022-07-18 16:00,,,,,,
FVJN,2022-07-19 04:00,,,,,,
FVJN,2022-07-19 05:00,,,,,,
FVJN,2022-07-19 06:00,,,,,,
FVJN,2022-07-19 07:00,,,,,,
FVJN,2022-07-19 08:00,FEW,BKN,,3000.00,9000.00,
FVJN,2022-07-19 09:00,,,,,,
FVJN,2022-07-19 10:00,,,,,,
FVJN,2022-07-19 12:00,,,,,,
FVJN,2022-07-19 14:00,,,,,,
FVJN,2022-07-19 15:00,,,,,,
FVJN,2022-07-20 03:00,,,,,,
FVJN,2022-07-20 04:00,,,,,,
FVJN,2022-07-20 05:00,,,,,,
FVJN,2022-07-20 06:00,,,,,,
FVJN,2022-07-20 12:00,,,,,,
FVJN,2022-07-21 07:00,,,,,,
FVJN,2022-07-22 07:00,FEW,,,2000.00,,
FVJN,2022-07-22 08:00,FEW,,,2500.00,,
FVJN,2022-07-22 09:00,FEW,,,3000.00,,
FVJN,2022-07-22 10:00,BKN,,,4000.00,,
FVJN,2022-07-22 12:00,SCT,BKN,,4500.00,10000.00,
FVJN,2022-07-23 03:00,,,,,,
FVJN,2022-07-23 04:00,,,,,,
FVJN,2022-07-23 05:00,,,,,,
FVJN,2022-07-23 06:00,,,,,,
FVJN,2022-07-23 07:00,,,,,,
FVJN,2022-07-23 08:00,,,,,,
FVJN,2022-07-23 09:00,,,,,,
FVJN,2022-07-23 10:00,,,,,,
FVJN,2022-07-23 11:00,,,,,,
FVJN,2022-07-23 13:00,,,,,,
FVJN,2022-07-23 14:00,,,,,,
FVJN,2022-07-23 15:00,,,,,,
FVJN,2022-07-24 03:00,,,,,,
FVJN,2022-07-24 04:00,,,,,,
FVJN,2022-07-24 05:00,,,,,,
FVJN,2022-07-24 06:00,,,,,,
FVJN,2022-07-24 07:00,,,,,,
FVJN,2022-07-24 08:00,,,,,,
FVJN,2022-07-24 09:00,,,,,,
FVJN,2022-07-24 10:00,,,,,,
FVJN,2022-07-24 11:00,,,,,,
FVJN,2022-07-24 12:00,,,,,,
FVJN,2022-07-24 13:00,,,,,,
FVJN,2022-07-24 14:00,,,,,,
FVJN,2022-07-24 15:00,,,,,,
FVJN,2022-07-24 16:00,,,,,,
FVJN,2022-07-25 03:00,,,,,,
FVJN,2022-07-25 04:00,,,,,,
FVJN,2022-07-25 05:00,,,,,,
FVJN,2022-07-25 06:00,FEW,,,1000.00,,
FVJN,2022-07-25 07:00,FEW,,,1500.00,,
FVJN,2022-07-25 08:00,FEW,,,2000.00,,
FVJN,2022-07-25 10:00,,,,,,
FVJN,2022-07-25 12:00,,,,,,
FVJN,2022-07-25 14:00,,,,,,
FVJN,2022-07-25 15:00,,,,,,
FVJN,2022-07-25 16:00,,,,,,
FVJN,2022-07-26 04:00,FEW,,,1000.00,,
FVJN,2022-07-26 05:00,FEW,,,1000.00,,
FVJN,2022-07-26 06:00,FEW,,,1000.00,,
FVJN,2022-07-26 07:00,FEW,,,2000.00,,
FVJN,2022-07-26 08:00,,,,,,
FVJN,2022-07-26 09:00,,,,,,
FVJN,2022-07-26 10:00,,,,,,
FVJN,2022-07-26 11:00,,,,,,
FVJN,2022-07-26 12:00,,,,,,
FVJN,2022-07-26 13:00,,,,,,
FVJN,2022-07-26 16:00,,,,,,
FVJN,2022-07-27 03:00,,,,,,
FVJN,2022-07-27 04:00,,,,,,
FVJN,2022-07-27 05:00,,,,,,
FVJN,2022-07-27 06:00,,,,,,
FVJN,2022-07-27 07:00,,,,,,
FVJN,2022-07-27 08:00,,,,,,
FVJN,2022-07-28 07:00,,,,,,
FVJN,2022-07-28 08:00,,,,,,
FVJN,2022-07-28 09:00,,,,,,
FVJN,2022-07-28 10:00,,,,,,
FVJN,2022-07-28 11:00,,,,,,
FVJN,2022-07-28 12:00,,,,,,
FVJN,2022-07-28 13:00,,,,,,
FVJN,2022-07-28 14:00,,,,,,
FVJN,2022-07-28 15:00,,,,,,
FVJN,2022-07-28 16:00,,,,,,
FVJN,2022-07-29 03:00,,,,,,
FVJN,2022-07-29 05:00,,,,,,
FVJN,2022-07-29 06:00,,,,,,
FVJN,2022-07-29 07:00,,,,,,
FVJN,2022-07-29 10:00,,,,,,
FVJN,2022-07-29 11:00,,,,,,
FVJN,2022-07-29 12:00,,,,,,
FVJN,2022-07-29 13:00,,,,,,
FVJN,2022-07-29 14:00,,,,,,
FVJN,2022-07-29 15:00,,,,,,
FVJN,2022-07-29 16:00,,,,,,
FVJN,2022-07-30 04:00,,,,,,
FVJN,2022-07-30 05:00,,,,,,
FVJN,2022-07-30 06:00,,,,,,
FVJN,2022-08-01 07:00,,,,,,
FVJN,2022-08-01 08:00,FEW,,,3500.00,,
FVJN,2022-08-01 09:00,FEW,,,3500.00,,
FVJN,2022-08-01 10:00,,,,,,
FVJN,2022-08-01 11:00,,,,,,
FVJN,2022-08-01 12:00,,,,,,
FVJN,2022-08-01 13:00,,,,,,
FVJN,2022-08-01 14:00,,,,,,
FVJN,2022-08-01 15:00,,,,,,
FVJN,2022-08-01 16:00,,,,,,
FVJN,2022-08-01 17:00,,,,,,
FVJN,2022-08-02 03:00,,,,,,
FVJN,2022-08-02 04:00,FEW,,,1000.00,,
FVJN,2022-08-02 05:00,FEW,,,1000.00,,
FVJN,2022-08-02 06:00,SCT,,,1000.00,,
FVJN,2022-08-02 07:00,FEW,,,2000.00,,
FVJN,2022-08-02 09:00,,,,,,
FVJN,2022-08-02 11:00,,,,,,
FVJN,2022-08-02 12:00,,,,,,
FVJN,2022-08-02 14:00,,,,,,
FVJN,2022-08-02 15:00,,,,,,
FVJN,2022-08-03 05:00,,,,,,
FVJN,2022-08-03 06:00,,,,,,
FVJN,2022-08-03 07:00,,,,,,
FVJN,2022-08-03 08:00,,,,,,
FVJN,2022-08-03 09:00,,,,,,
FVJN,2022-08-03 10:00,,,,,,
FVJN,2022-08-03 11:00,,,,,,
FVJN,2022-08-03 12:00,,,,,,
FVJN,2022-08-03 13:00,,,,,,
FVJN,2022-08-03 14:00,,,,,,
FVJN,2022-08-03 15:00,,,,,,
FVJN,2022-08-03 16:00,,,,,,
FVJN,2022-08-04 04:00,,,,,,
FVJN,2022-08-04 05:00,,,,,,
FVJN,2022-08-04 06:00,,,,,,
FVJN,2022-08-04 07:00,,,,,,
FVJN,2022-08-04 10:00,,,,,,
FVJN,2022-08-04 11:00,,,,,,
FVJN,2022-08-04 12:00,,,,,,
FVJN,2022-08-04 13:00,,,,,,
FVJN,2022-08-05 03:00,,,,,,
FVJN,2022-08-05 04:00,,,,,,
FVJN,2022-08-05 06:00,,,,,,
FVJN,2022-08-05 07:00,,,,,,
FVJN,2022-08-05 08:00,,,,,,
FVJN,2022-08-05 09:00,,,,,,
FVJN,2022-08-05 10:00,,,,,,
FVJN,2022-08-05 11:00,,,,,,
FVJN,2022-08-06 03:00,,,,,,
FVJN,2022-08-06 04:00,,,,,,
FVJN,2022-08-06 06:00,,,,,,
FVJN,2022-08-06 08:00,,,,,,
FVJN,2022-08-06 09:00,,,,,,
FVJN,2022-08-06 10:00,,,,,,
FVJN,2022-08-06 11:00,,,,,,
FVJN,2022-08-06 12:00,,,,,,
FVJN,2022-08-06 14:00,,,,,,
FVJN,2022-08-06 15:00,,,,,,
FVJN,2022-08-07 03:00,,,,,,
FVJN,2022-08-07 04:00,,,,,,
FVJN,2022-08-07 05:00,,,,,,
FVJN,2022-08-07 06:00,,,,,,
FVJN,2022-08-07 07:00,,,,,,
FVJN,2022-08-07 08:00,,,,,,
FVJN,2022-08-07 09:00,,,,,,
FVJN,2022-08-07 10:00,,,,,,
FVJN,2022-08-07 11:00,,,,,,
FVJN,2022-08-07 12:00,,,,,,
FVJN,2022-08-07 14:00,,,,,,
FVJN,2022-08-08 04:00,,,,,,
FVJN,2022-08-08 05:00,,,,,,
FVJN,2022-08-08 06:00,,,,,,
FVJN,2022-08-08 07:00,,,,,,
FVJN,2022-08-08 09:00,,,,,,
FVJN,2022-08-08 12:00,,,,,,
FVJN,2022-08-09 03:00,,,,,,
FVJN,2022-08-09 04:00,,,,,,
FVJN,2022-08-09 06:00,,,,,,
FVJN,2022-08-09 07:00,,,,,,
FVJN,2022-08-09 08:00,,,,,,
FVJN,2022-08-09 09:00,,,,,,
FVJN,2022-08-09 10:00,,,,,,
FVJN,2022-08-09 11:00,,,,,,
FVJN,2022-08-09 12:00,,,,,,
FVJN,2022-08-09 13:00,,,,,,
FVJN,2022-08-09 14:00,,,,,,
FVJN,2022-08-09 15:00,,,,,,
FVJN,2022-08-09 16:00,,,,,,
FVJN,2022-08-10 03:00,,,,,,
FVJN,2022-08-10 04:00,BKN,,,500.00,,
FVJN,2022-08-10 05:00,BKN,,,500.00,,
FVJN,2022-08-10 06:00,BKN,,,500.00,,
FVJN,2022-08-10 07:00,,,,,,
FVJN,2022-08-10 09:00,,,,,,
FVJN,2022-08-10 10:00,,,,,,
FVJN,2022-08-10 12:00,,,,,,
FVJN,2022-08-10 13:00,,,,,,
FVJN,2022-08-10 14:00,,,,,,
FVJN,2022-08-10 15:00,,,,,,
FVJN,2022-08-10 16:00,,,,,,
FVJN,2022-08-11 03:00,,,,,,
FVJN,2022-08-11 04:00,,,,,,
FVJN,2022-08-11 05:00,,,,,,
FVJN,2022-08-11 06:00,,,,,,
FVJN,2022-08-11 09:00,,,,,,
FVJN,2022-08-11 11:00,,,,,,
FVJN,2022-08-11 12:00,,,,,,
FVJN,2022-08-11 13:00,,,,,,
FVJN,2022-08-11 14:00,,,,,,
FVJN,2022-08-11 15:00,,,,,,
FVJN,2022-08-11 16:00,,,,,,
FVJN,2022-08-12 03:00,,,,,,
FVJN,2022-08-12 04:00,,,,,,
FVJN,2022-08-12 05:00,,,,,,
FVJN,2022-08-12 06:00,,,,,,
FVJN,2022-08-12 07:00,,,,,,
FVJN,2022-08-12 08:00,,,,,,
FVJN,2022-08-12 09:00,,,,,,
FVJN,2022-08-12 12:00,,,,,,
FVJN,2022-08-12 14:00,,,,,,
FVJN,2022-08-12 15:00,,,,,,
FVJN,2022-08-13 04:00,,,,,,
FVJN,2022-08-13 06:00,,,,,,
FVJN,2022-08-13 08:00,,,,,,
FVJN,2022-08-13 09:00,,,,,,
FVJN,2022-08-13 10:00,,,,,,
FVJN,2022-08-13 12:00,,,,,,
FVJN,2022-08-13 13:00,,,,,,
FVJN,2022-08-13 14:00,,,,,,
FVJN,2022-08-13 15:00,,,,,,
FVJN,2022-08-13 16:00,,,,,,
FVJN,2022-08-14 04:00,,,,,,
FVJN,2022-08-14 07:00,,,,,,
FVJN,2022-08-14 09:00,,,,,,
FVJN,2022-08-14 10:00,,,,,,
FVJN,2022-08-14 11:00,,,,,,
FVJN,2022-08-14 12:00,,,,,,
FVJN,2022-08-14 13:00,,,,,,
FVJN,2022-08-14 14:00,,,,,,
FVJN,2022-08-14 15:00,,,,,,
FVJN,2022-08-14 16:00,,,,,,
FVJN,2022-08-15 03:00,,,,,,
FVJN,2022-08-15 04:00,,,,,,
FVJN,2022-08-15 05:00,,,,,,
FVJN,2022-08-15 06:00,,,,,,
FVJN,2022-08-15 07:00,,,,,,
FVJN,2022-08-15 08:00,,,,,,
FVJN,2022-08-15 09:00,,,,,,
FVJN,2022-08-15 12:00,,,,,,
FVJN,2022-08-16 04:00,,,,,,
FVJN,2022-08-16 07:00,,,,,,
FVJN,2022-08-16 08:00,,,,,,
FVJN,2022-08-16 09:00,,,,,,
FVJN,2022-08-16 10:00,,,,,,
FVJN,2022-08-16 11:00,,,,,,
FVJN,2022-08-16 12:00,,,,,,
FVJN,2022-08-16 13:00,,,,,,
FVJN,2022-08-16 14:00,,,,,,
FVJN,2022-08-16 15:00,,,,,,
FVJN,2022-08-16 16:00,,,,,,
FVJN,2022-08-17 03:00,,,,,,
FVJN,2022-08-17 04:00,,,,,,
FVJN,2022-08-17 05:00,,,,,,
FVJN,2022-08-17 06:00,,,,,,
FVJN,2022-08-17 07:00,,,,,,
FVJN,2022-08-17 08:00,,,,,,
FVJN,2022-08-17 09:00,,,,,,
FVJN,2022-08-17 10:00,,,,,,
FVJN,2022-08-24 13:00,,,,,,
FVJN,2022-08-24 14:00,,,,,,
FVJN,2022-08-24 15:00,,,,,,
FVJN,2022-08-24 16:00,,,,,,
FVJN,2022-08-25 03:00,,,,,,
FVJN,2022-08-25 04:00,,,,,,
FVJN,2022-08-25 05:00,,,,,,
FVJN,2022-08-25 06:00,,,,,,
FVJN,2022-08-25 07:00,,,,,,
FVJN,2022-08-25 08:00,,,,,,
FVJN,2022-08-25 09:00,,,,,,
FVJN,2022-08-25 10:00,,,,,,
FVJN,2022-08-26 03:00,,,,,,
FVJN,2022-08-26 04:00,,,,,,
FVJN,2022-08-26 05:00,,,,,,
FVJN,2022-08-26 08:00,,,,,,
FVJN,2022-08-26 09:00,,,,,,
FVJN,2022-08-26 11:00,,,,,,
FVJN,2022-08-26 12:00,,,,,,
FVJN,2022-08-26 13:00,,,,,,
FVJN,2022-08-26 14:00,,,,,,
FVJN,2022-08-26 15:00,,,,,,
FVJN,2022-08-26 16:00,,,,,,
FVJN,2022-08-27 03:00,,,,,,
FVJN,2022-08-27 04:00,,,,,,
FVJN,2022-08-27 05:00,,,,,,
FVJN,2022-08-27 06:00,,,,,,
FVJN,2022-08-27 09:00,,,,,,
FVJN,2022-08-27 11:00,,,,,,
FVJN,2022-08-27 12:00,,,,,,
FVJN,2022-08-28 03:00,,,,,,
FVJN,2022-08-28 04:00,,,,,,
FVJN,2022-08-28 06:00,,,,,,
FVJN,2022-08-28 10:00,,,,,,
FVJN,2022-08-28 12:00,,,,,,
FVJN,2022-08-28 14:00,,,,,,
FVJN,2022-08-28 15:00,,,,,,
FVJN,2022-08-28 16:00,,,,,,
FVJN,2022-08-29 04:00,,,,,,
FVJN,2022-08-29 06:00,,,,,,
FVJN,2022-08-29 07:00,,,,,,
FVJN,2022-08-29 08:00,,,,,,
FVJN,2022-08-29 09:00,,,,,,
FVJN,2022-08-29 10:00,,,,,,
FVJN,2022-08-29 11:00,,,,,,
FVJN,2022-08-29 12:00,,,,,,
FVJN,2022-08-29 13:00,,,,,,
FVJN,2022-08-29 14:00,,,,,,
FVJN,2022-08-29 15:00,,,,,,
FVJN,2022-08-29 16:00,,,,,,
FVJN,2022-08-30 03:00,,,,,,
FVJN,2022-08-30 04:00,,,,,,
FVJN,2022-08-30 05:00,,,,,,
FVJN,2022-08-30 06:00,,,,,,
FVJN,2022-08-30 07:00,,,,,,
FVJN,2022-08-30 08:00,,,,,,
FVJN,2022-08-30 09:00,,,,,,
FVJN,2022-08-30 10:00,,,,,,
FVJN,2022-08-30 11:00,,,,,,
FVJN,2022-08-30 12:00,,,,,,
FVJN,2022-08-30 15:00,,,,,,
FVJN,2022-08-31 05:00,OVC,,,1600.00,,
FVJN,2022-08-31 06:00,OVC,,,1600.00,,
FVJN,2022-08-31 07:00,OVC,,,1600.00,,
FVJN,2022-08-31 08:00,BKN,,,1600.00,,
FVJN,2022-08-31 09:00,BKN,,,1600.00,,
FVJN,2022-08-31 11:00,,,,,,
FVJN,2022-08-31 12:00,,,,,,
FVJN,2022-09-01 03:00,,,,,,
FVJN,2022-09-01 04:00,,,,,,
FVJN,2022-09-01 06:00,,,,,,
FVJN,2022-09-01 09:00,,,,,,
FVJN,2022-09-01 10:00,,,,,,
FVJN,2022-09-01 11:00,,,,,,
FVJN,2022-09-01 12:00,,,,,,
FVJN,2022-09-01 14:00,,,,,,
FVJN,2022-09-01 15:00,,,,,,
FVJN,2022-09-01 16:00,,,,,,
FVJN,2022-09-02 04:00,,,,,,
FVJN,2022-09-02 06:00,,,,,,
FVJN,2022-09-02 07:00,,,,,,
FVJN,2022-09-02 09:00,,,,,,
FVJN,2022-09-02 10:00,,,,,,
FVJN,2022-09-02 11:00,,,,,,
FVJN,2022-09-02 12:00,,,,,,
FVJN,2022-09-02 13:00,,,,,,
FVJN,2022-09-02 14:00,,,,,,
FVJN,2022-09-02 15:00,,,,,,
FVJN,2022-09-03 03:00,,,,,,
FVJN,2022-09-03 04:00,,,,,,
FVJN,2022-09-03 05:00,,,,,,
FVJN,2022-09-03 06:00,,,,,,
FVJN,2022-09-03 07:00,,,,,,
FVJN,2022-09-03 08:00,,,,,,
FVJN,2022-09-03 09:00,,,,,,
FVJN,2022-09-03 10:00,,,,,,
FVJN,2022-09-03 12:00,,,,,,
FVJN,2022-09-03 13:00,,,,,,
FVJN,2022-09-03 14:00,,,,,,
FVJN,2022-09-03 15:00,,,,,,
FVJN,2022-09-03 16:00,,,,,,
FVJN,2022-09-04 04:00,,,,,,
FVJN,2022-09-04 05:00,,,,,,
FVJN,2022-09-04 06:00,,,,,,
FVJN,2022-09-04 08:00,,,,,,
FVJN,2022-09-04 09:00,,,,,,
FVJN,2022-09-04 13:00,,,,,,
FVJN,2022-09-05 04:00,,,,,,
FVJN,2022-09-05 05:00,,,,,,
FVJN,2022-09-05 06:00,,,,,,
FVJN,2022-09-05 07:00,,,,,,
FVJN,2022-09-05 09:00,,,,,,
FVJN,2022-09-05 11:00,,,,,,
FVJN,2022-09-05 12:00,,,,,,
FVJN,2022-09-05 13:00,,,,,,
FVJN,2022-09-05 14:00,,,,,,
FVJN,2022-09-05 15:00,,,,,,
FVJN,2022-09-06 03:00,,,,,,
FVJN,2022-09-06 04:00,,,,,,
FVJN,2022-09-06 05:00,,,,,,
FVJN,2022-09-06 06:00,,,,,,
FVJN,2022-09-06 08:00,,,,,,
FVJN,2022-09-07 04:00,FEW,,,800.00,,
FVJN,2022-09-07 05:00,FEW,,,800.00,,
FVJN,2022-09-07 08:00,SCT,,,1500.00,,
FVJN,2022-09-07 09:00,SCT,,,3000.00,,
FVJN,2022-09-07 10:00,,,,,,
FVJN,2022-09-07 11:00,,,,,,
FVJN,2022-09-07 12:00,,,,,,
FVJN,2022-09-07 13:00,,,,,,
FVJN,2022-09-07 14:00,,,,,,
FVJN,2022-09-07 15:00,,,,,,
FVJN,2022-09-07 16:00,,,,,,
FVJN,2022-09-08 03:00,SCT,,,800.00,,
FVJN,2022-09-08 04:00,FEW,,,800.00,,
FVJN,2022-09-08 05:00,FEW,,,800.00,,
FVJN,2022-09-08 06:00,FEW,,,1000.00,,
FVJN,2022-09-08 07:00,,,,,,
FVJN,2022-09-08 08:00,,,,,,
FVJN,2022-09-08 09:00,,,,,,
FVJN,2022-09-08 11:00,,,,,,
FVJN,2022-09-08 12:00,,,,,,
FVJN,2022-09-08 13:00,,,,,,
FVJN,2022-09-08 14:00,,,,,,
FVJN,2022-09-08 15:00,,,,,,
FVJN,2022-09-08 16:00,,,,,,
FVJN,2022-09-09 04:00,,,,,,
FVJN,2022-09-09 05:00,,,,,,
FVJN,2022-09-09 06:00,,,,,,
FVJN,2022-09-09 07:00,,,,,,
FVJN,2022-09-09 08:00,,,,,,
FVJN,2022-09-09 09:00,,,,,,
FVJN,2022-09-09 12:00,,,,,,
FVJN,2022-09-09 14:00,,,,,,
FVJN,2022-09-09 15:00,,,,,,
FVJN,2022-09-10 04:00,,,,,,
FVJN,2022-09-10 05:00,,,,,,
FVJN,2022-09-10 09:00,,,,,,
FVJN,2022-09-10 10:00,,,,,,
FVJN,2022-09-10 12:00,,,,,,
FVJN,2022-09-10 13:00,,,,,,
FVJN,2022-09-10 15:00,,,,,,
FVJN,2022-09-11 04:00,,,,,,
FVJN,2022-09-11 05:00,,,,,,
FVJN,2022-09-11 07:00,,,,,,
FVJN,2022-09-11 09:00,,,,,,
FVJN,2022-09-11 10:00,,,,,,
FVJN,2022-09-11 11:00,,,,,,
FVJN,2022-09-11 12:00,,,,,,
FVJN,2022-09-12 04:00,,,,,,
FVJN,2022-09-12 07:00,,,,,,
FVJN,2022-09-12 08:00,,,,,,
FVJN,2022-09-12 09:00,,,,,,
FVJN,2022-09-12 12:00,,,,,,
FVJN,2022-09-12 13:00,,,,,,
FVJN,2022-09-12 14:00,,,,,,
FVJN,2022-09-12 15:00,,,,,,
FVJN,2022-09-12 16:00,,,,,,
FVJN,2022-09-13 03:00,,,,,,
FVJN,2022-09-13 04:00,,,,,,
FVJN,2022-09-13 05:00,FEW,,,800.00,,
FVJN,2022-09-13 06:00,FEW,,,1500.00,,
FVJN,2022-09-13 07:00,SCT,,,2000.00,,
FVJN,2022-09-13 09:00,SCT,,,3000.00,,
FVJN,2022-09-14 10:00,,,,,,
FVJN,2022-09-14 12:00,,,,,,
FVJN,2022-09-14 13:00,,,,,,
FVJN,2022-09-14 15:00,,,,,,
FVJN,2022-09-14 16:00,,,,,,
FVJN,2022-09-15 03:00,,,,,,
FVJN,2022-09-15 04:00,,,,,,
FVJN,2022-09-15 05:00,,,,,,
FVJN,2022-09-15 06:00,,,,,,
FVJN,2022-09-15 07:00,FEW,,,1200.00,,
FVJN,2022-09-15 09:00,FEW,,,2000.00,,
FVJN,2022-09-15 10:00,FEW,,,3000.00,,
FVJN,2022-09-15 11:00,FEW,,,4000.00,,
FVJN,2022-09-15 12:00,FEW,,,4000.00,,
FVJN,2022-09-15 13:00,FEW,,,4000.00,,
FVJN,2022-09-15 14:00,FEW,,,4000.00,,
FVJN,2022-09-15 16:00,,,,,,
FVJN,2022-09-16 03:00,,,,,,
FVJN,2022-09-16 04:00,,,,,,
FVJN,2022-09-16 05:00,,,,,,
FVJN,2022-09-16 06:00,,,,,,
FVJN,2022-09-16 07:00,,,,,,
FVJN,2022-09-16 10:00,,,,,,
FVJN,2022-09-16 11:00,,,,,,
FVJN,2022-09-16 12:00,,,,,,
FVJN,2022-09-17 03:00,,,,,,
FVJN,2022-09-17 04:00,,,,,,
FVJN,2022-09-17 05:00,,,,,,
FVJN,2022-09-17 06:00,,,,,,
FVJN,2022-09-17 08:00,,,,,,
FVJN,2022-09-17 09:00,,,,,,
FVJN,2022-09-17 11:00,,,,,,
FVJN,2022-09-17 12:00,,,,,,
FVJN,2022-09-17 15:00,,,,,,
FVJN,2022-09-17 17:00,,,,,,
FVJN,2022-09-18 04:00,,,,,,
FVJN,2022-09-18 05:00,,,,,,
FVJN,2022-09-18 07:00,,,,,,
FVJN,2022-09-18 08:00,,,,,,
FVJN,2022-09-18 09:00,,,,,,
FVJN,2022-09-18 10:00,,,,,,
FVJN,2022-09-18 11:00,,,,,,
FVJN,2022-09-18 12:00,,,,,,
FVJN,2022-09-18 13:00,,,,,,
FVJN,2022-09-18 15:00,,,,,,
FVJN,2022-09-18 16:00,,,,,,
FVJN,2022-09-18 17:00,,,,,,
FVJN,2022-09-19 04:00,,,,,,
FVJN,2022-09-19 05:00,,,,,,
FVJN,2022-09-19 06:00,,,,,,
FVJN,2022-09-19 07:00,,,,,,
FVJN,2022-09-20 10:00,,,,,,
FVJN,2022-09-20 11:00,,,,,,
FVJN,2022-09-20 12:00,,,,,,
FVJN,2022-09-20 14:00,,,,,,
FVJN,2022-09-21 03:00,,,,,,
FVJN,2022-09-21 04:00,BKN,,,8000.00,,
FVJN,2022-09-21 05:00,NSC,,,,,
FVJN,2022-09-21 06:00,NSC,,,,,
FVJN,2022-09-21 07:00,NSC,,,,,
FVJN,2022-09-21 08:00,NSC,,,,,
FVJN,2022-09-21 09:00,,,,,,
FVJN,2022-09-21 11:00,,,,,,
FVJN,2022-09-21 12:00,,,,,,
FVJN,2022-09-21 14:00,,,,,,
FVJN,2022-09-22 08:00,,,,,,
FVJN,2022-09-22 11:00,,,,,,
FVJN,2022-09-23 04:00,,,,,,
FVJN,2022-09-23 06:00,,,,,,
FVJN,2022-09-23 07:00,,,,,,
FVJN,2022-09-23 08:00,,,,,,
FVJN,2022-09-23 09:00,,,,,,
FVJN,2022-09-23 10:00,,,,,,
FVJN,2022-09-23 11:00,,,,,,
FVJN,2022-09-23 12:00,,,,,,
FVJN,2022-09-23 13:00,,,,,,
FVJN,2022-09-23 14:00,,,,,,
FVJN,2022-09-23 15:00,,,,,,
FVJN,2022-09-23 16:00,,,,,,
FVJN,2022-09-24 03:00,BKN,,,2000.00,,
FVJN,2022-09-24 04:00,,,,,,
FVJN,2022-09-24 05:00,,,,,,
FVJN,2022-09-24 06:00,,,,,,
FVJN,2022-09-24 07:00,,,,,,
FVJN,2022-09-24 08:00,,,,,,
FVJN,2022-09-25 09:00,,,,,,
FVJN,2022-09-25 11:00,,,,,,
FVJN,2022-09-25 12:00,,,,,,
FVJN,2022-09-25 15:00,,,,,,
FVJN,2022-09-25 16:00,,,,,,
FVJN,2022-09-26 03:00,,,,,,
FVJN,2022-09-26 04:00,,,,,,
FVJN,2022-09-26 05:00,,,,,,
FVJN,2022-09-26 06:00,,,,,,
FVJN,2022-09-26 07:00,,,,,,
FVJN,2022-09-26 08:00,,,,,,
FVJN,2022-09-26 09:00,,,,,,
FVJN,2022-09-26 10:00,,,,,,
FVJN,2022-09-26 11:00,,,,,,
FVJN,2022-09-26 12:00,,,,,,
FVJN,2022-09-26 13:00,,,,,,
FVJN,2022-09-26 14:00,,,,,,
FVJN,2022-09-26 15:00,,,,,,
FVJN,2022-09-26 16:00,,,,,,
FVJN,2022-09-27 03:00,,,,,,
FVJN,2022-09-27 04:00,,,,,,
FVJN,2022-09-27 05:00,,,,,,
FVJN,2022-09-27 06:00,,,,,,
FVJN,2022-09-27 07:00,,,,,,
FVJN,2022-09-27 08:00,,,,,,
FVJN,2022-09-27 09:00,,,,,,
FVJN,2022-09-27 11:00,,,,,,
FVJN,2022-09-27 12:00,,,,,,
FVJN,2022-09-27 13:00,,,,,,
FVJN,2022-09-27 15:00,,,,,,
FVJN,2022-09-27 16:00,,,,,,
FVJN,2022-09-28 03:00,,,,,,
FVJN,2022-09-28 04:00,,,,,,
FVJN,2022-09-28 05:00,,,,,,
FVJN,2022-09-28 06:00,,,,,,
FVJN,2022-09-28 07:00,,,,,,
FVJN,2022-09-28 09:00,,,,,,
FVJN,2022-09-28 10:00,,,,,,
FVJN,2022-09-28 12:00,,,,,,
FVJN,2022-09-28 13:00,,,,,,
FVJN,2022-09-28 14:00,,,,,,
FVJN,2022-09-28 15:00,,,,,,
FVJN,2022-09-28 16:00,,,,,,
FVJN,2022-09-29 04:00,,,,,,
FVJN,2022-09-29 05:00,,,,,,
FVJN,2022-09-29 06:00,,,,,,
FVJN,2022-09-29 07:00,,,,,,
FVJN,2022-09-29 08:00,,,,,,
FVJN,2022-09-29 09:00,,,,,,
FVJN,2022-09-29 11:00,,,,,,
FVJN,2022-09-29 12:00,,,,,,
FVJN,2022-09-30 09:00,,,,,,
FVJN,2022-09-30 11:00,,,,,,
FVJN,2022-09-30 12:00,,,,,,
FVJN,2022-09-30 14:00,,,,,,
FVJN,2022-09-30 15:00,,,,,,
FVJN,2022-09-30 16:00,,,,,,
FVJN,2022-10-01 06:00,,,,,,
FVJN,2022-10-01 08:00,,,,,,
FVJN,2022-10-01 09:00,,,,,,
FVJN,2022-10-01 10:00,,,,,,
FVJN,2022-10-01 11:00,,,,,,
FVJN,2022-10-01 12:00,,,,,,
FVJN,2022-10-01 13:00,,,,,,
FVJN,2022-10-01 14:00,,,,,,
FVJN,2022-10-01 15:00,,,,,,
FVJN,2022-10-01 16:00,,,,,,
FVJN,2022-10-02 04:00,,,,,,
FVJN,2022-10-02 07:00,,,,,,
FVJN,2022-10-02 08:00,,,,,,
FVJN,2022-10-02 09:00,,,,,,
FVJN,2022-10-02 10:00,,,,,,
FVJN,2022-10-02 11:00,,,,,,
FVJN,2022-10-02 12:00,,,,,,
FVJN,2022-10-02 14:00,,,,,,
FVJN,2022-10-02 15:00,,,,,,
FVJN,2022-10-02 16:00,,,,,,
FVJN,2022-10-03 03:00,,,,,,
FVJN,2022-10-03 05:00,,,,,,
FVJN,2022-10-03 06:00,,,,,,
FVJN,2022-10-04 12:00,,,,,,
FVJN,2022-10-04 13:00,,,,,,
FVJN,2022-10-04 15:00,,,,,,
FVJN,2022-10-05 08:00,,,,,,
FVJN,2022-10-05 09:00,,,,,,
FVJN,2022-10-05 10:00,,,,,,
FVJN,2022-10-05 11:00,,,,,,
FVJN,2022-10-05 12:00,,,,,,
FVJN,2022-10-05 13:00,,,,,,
FVJN,2022-10-05 15:00,,,,,,
FVJN,2022-10-05 16:00,,,,,,
FVJN,2022-10-06 03:00,,,,,,
FVJN,2022-10-06 04:00,,,,,,
FVJN,2022-10-06 05:00,,,,,,
FVJN,2022-10-06 06:00,,,,,,
FVJN,2022-10-06 07:00,,,,,,
FVJN,2022-10-06 10:00,,,,,,
FVJN,2022-10-06 11:00,,,,,,
FVJN,2022-10-06 12:00,,,,,,
FVJN,2022-10-06 14:00,,,,,,
FVJN,2022-10-06 15:00,,,,,,
FVJN,2022-10-07 03:00,,,,,,
FVJN,2022-10-07 04:00,,,,,,
FVJN,2022-10-07 05:00,,,,,,
FVJN,2022-10-07 06:00,,,,,,
FVJN,2022-10-09 06:00,,,,,,
FVJN,2022-10-09 07:00,,,,,,
FVJN,2022-10-09 08:00,,,,,,
FVJN,2022-10-09 09:00,,,,,,
FVJN,2022-10-09 10:00,,,,,,
FVJN,2022-10-09 11:00,,,,,,
FVJN,2022-10-09 12:00,,,,,,
FVJN,2022-10-09 13:00,,,,,,
FVJN,2022-10-09 15:00,,,,,,
FVJN,2022-10-09 16:00,,,,,,
FVJN,2022-10-10 04:00,,,,,,
FVJN,2022-10-10 05:00,,,,,,
FVJN,2022-10-10 06:00,,,,,,
FVJN,2022-10-10 07:00,,,,,,
FVJN,2022-10-10 08:00,,,,,,
FVJN,2022-10-11 03:00,,,,,,
FVJN,2022-10-12 05:00,,,,,,
FVJN,2022-10-12 06:00,,,,,,
FVJN,2022-10-12 07:00,,,,,,
FVJN,2022-10-12 09:00,,,,,,
FVJN,2022-10-12 12:00,,,,,,
FVJN,2022-10-12 13:00,,,,,,
FVJN,2022-10-12 14:00,,,,,,
FVJN,2022-10-12 15:00,,,,,,
FVJN,2022-10-12 16:00,,,,,,
FVJN,2022-10-12 17:00,,,,,,
FVJN,2022-10-13 03:00,,,,,,
FVJN,2022-10-13 04:00,,,,,,
FVJN,2022-10-13 06:00,,,,,,
FVJN,2022-10-13 07:00,,,,,,
FVJN,2022-10-13 08:00,,,,,,
FVJN,2022-10-13 09:00,,,,,,
FVJN,2022-10-13 10:00,,,,,,
FVJN,2022-10-13 12:00,,,,,,
FVJN,2022-10-13 14:00,,,,,,
FVJN,2022-10-13 15:00,,,,,,
FVJN,2022-10-14 06:00,,,,,,
FVJN,2022-10-14 07:00,,,,,,
FVJN,2022-10-14 08:00,,,,,,
FVJN,2022-10-14 09:00,,,,,,
FVJN,2022-10-14 10:00,,,,,,
FVJN,2022-10-15 11:00,,,,,,
FVJN,2022-10-15 12:00,,,,,,
FVJN,2022-10-15 13:00,,,,,,
FVJN,2022-10-15 14:00,,,,,,
FVJN,2022-10-15 15:00,,,,,,
FVJN,2022-10-15 17:00,,,,,,
FVJN,2022-10-15 18:00,,,,,,
FVJN,2022-10-16 03:00,,,,,,
FVJN,2022-10-16 04:00,,,,,,
FVJN,2022-10-16 06:00,,,,,,
FVJN,2022-10-16 07:00,,,,,,
FVJN,2022-10-16 08:00,,,,,,
FVJN,2022-10-16 09:00,,,,,,
FVJN,2022-10-16 11:00,,,,,,
FVJN,2022-10-16 12:00,,,,,,
FVJN,2022-10-16 13:00,,,,,,
FVJN,2022-10-16 14:00,,,,,,
FVJN,2022-10-16 15:00,,,,,,
FVJN,2022-10-16 16:00,,,,,,
FVJN,2022-10-19 13:00,,,,,,
FVJN,2022-10-19 15:00,,,,,,
FVJN,2022-10-20 03:00,,,,,,
FVJN,2022-10-20 05:00,,,,,,
FVJN,2022-10-20 07:00,FEW,,,2000.00,,
FVJN,2022-11-18 10:00,,,,,,
FVJN,2022-11-18 11:00,,,,,,
FVJN,2022-11-18 12:00,,,,,,
FVJN,2022-11-18 13:00,,,,,,
FVJN,2022-11-18 14:00,,,,,,
FVJN,2022-11-18 15:00,,,,,,
FVJN,2022-11-18 16:00,,,,,,
FVJN,2022-11-18 17:00,,,,,,
FVJN,2022-11-18 18:00,,,,,,
FVJN,2022-11-18 19:00,,,,,,
FVJN,2022-11-19 03:00,,,,,,
FVJN,2022-11-19 04:00,,,,,,
FVJN,2022-11-19 05:00,,,,,,
FVJN,2022-11-19 06:00,,,,,,
FVJN,2022-11-19 07:00,,,,,,
FVJN,2022-11-19 08:00,,,,,,
FVJN,2022-11-19 09:00,,,,,,
FVJN,2022-11-19 10:00,,,,,,
FVJN,2022-11-19 12:00,,,,,,
FVJN,2022-11-19 13:00,,,,,,
FVJN,2022-11-19 14:00,,,,,,
FVJN,2022-11-19 15:00,,,,,,
FVJN,2022-11-19 16:00,,,,,,
FVJN,2022-11-19 17:00,,,,,,
FVJN,2022-11-20 03:00,,,,,,
FVJN,2022-11-20 04:00,,,,,,
FVJN,2022-11-20 05:00,,,,,,
FVJN,2022-11-20 06:00,,,,,,
FVJN,2022-11-20 07:00,,,,,,
FVJN,2022-11-20 08:00,,,,,,
FVJN,2022-11-20 09:00,,,,,,
FVJN,2022-11-20 10:00,,,,,,
FVJN,2022-11-20 11:00,,,,,,
FVJN,2022-11-20 13:00,,,,,,
FVJN,2022-11-20 14:00,,,,,,
FVJN,2022-11-20 15:00,,,,,,
FVJN,2022-11-20 16:00,,,,,,
FVJN,2022-11-20 17:00,,,,,,
FVJN,2022-11-20 18:00,,,,,,
FVJN,2022-11-20 19:00,,,,,,
FVJN,2022-11-21 03:00,BKN,,,800.00,,
FVJN,2022-11-21 05:00,OVC,,,800.00,,
FVJN,2022-11-21 07:00,OVC,,,800.00,,
FVJN,2022-11-21 13:00,FEW,SCT,,4000.00,10000.00,
FVJN,2022-11-24 06:00,,,,,,
FVJN,2022-11-24 07:00,,,,,,
FVJN,2022-11-24 08:00,FEW,,,4000.00,,
FVJN,2022-11-24 09:00,BKN,,,4500.00,,
FVJN,2022-11-24 10:00,FEW,BKN,,4000.00,4500.00,
FVJN,2022-11-24 12:00,FEW,BKN,,4000.00,9000.00,
FVJN,2022-11-24 13:00,FEW,BKN,,4000.00,9000.00,
FVJN,2022-11-24 14:00,FEW,BKN,,4500.00,9000.00,
FVJN,2022-11-24 15:00,FEW,BKN,,4500.00,9000.00,
FVJN,2022-11-24 16:00,,,,,,
FVJN,2022-11-25 03:00,,,,,,
FVJN,2022-11-25 04:00,,,,,,
FVJN,2022-11-25 05:00,,,,,,
FVJN,2022-11-25 06:00,,,,,,
FVJN,2022-11-25 07:00,,,,,,
FVJN,2022-11-25 08:00,FEW,,,2000.00,,
FVJN,2022-11-25 11:00,BKN,,,5000.00,,
FVJN,2022-11-26 08:00,BKN,,,4000.00,,
FVJN,2022-11-26 09:00,FEW,BKN,,3500.00,4000.00,
FVJN,2022-11-26 10:00,FEW,BKN,,3500.00,9000.00,
FVJN,2022-11-26 12:00,FEW,BKN,,3500.00,9000.00,
FVJN,2022-11-26 13:00,FEW,BKN,,3500.00,9000.00,
FVJN,2022-11-26 14:00,FEW,BKN,,3500.00,9000.00,
FVJN,2022-11-26 15:00,FEW,BKN,,3500.00,9000.00,
FVJN,2022-11-26 16:00,FEW,BKN,,3500.00,9000.00,
FVJN,2022-11-27 03:00,BKN,,,8000.00,,
FVJN,2022-11-27 04:00,BKN,,,8000.00,,
FVJN,2022-11-27 05:00,BKN,,,9000.00,,
FVJN,2022-11-27 06:00,,,,,,
FVJN,2022-11-27 07:00,,,,,,
FVJN,2022-11-27 08:00,,,,,,
FVJN,2022-11-27 09:00,FEW,BKN,,2000.00,8000.00,
FVJN,2022-11-27 10:00,SCT,BKN,,2000.00,8000.00,
FVJN,2022-11-29 09:00,BKN,,,2000.00,,
FVJN,2022-11-29 12:00,SCT,BKN,,2500.00,3000.00,
FVJN,2022-11-29 13:00,BKN,SCT,,2500.00,3000.00,
FVJN,2022-11-30 03:00,,,,,,
FVJN,2022-11-30 04:00,,,,,,
FVJN,2022-11-30 05:00,,,,,,
FVJN,2022-11-30 06:00,,,,,,
FVJN,2022-11-30 07:00,FEW,,,3000.00,,
FVJN,2022-11-30 08:00,FEW,,,4000.00,,
FVJN,2022-11-30 10:00,,,,,,
FVJN,2022-11-30 11:00,,,,,,
FVJN,2022-11-30 12:00,,,,,,
FVJN,2022-11-30 13:00,,,,,,
FVJN,2022-12-01 12:00,,,,,,
FVJN,2022-12-01 13:00,,,,,,
FVJN,2022-12-01 15:00,,,,,,
FVJN,2022-12-01 16:00,,,,,,
FVJN,2022-12-01 18:00,,,,,,
FVJN,2022-12-02 03:00,,,,,,
FVJN,2022-12-02 04:00,,,,,,
FVJN,2022-12-02 05:00,,,,,,
FVJN,2022-12-03 04:00,,,,,,
FVJN,2022-12-04 06:00,,,,,,
FVJN,2022-12-05 13:00,,,,,,
FVJN,2022-12-05 14:00,FEW,SCT,,6000.00,7000.00,
FVJN,2022-12-05 15:00,FEW,BKN,,6000.00,7000.00,
FVJN,2022-12-05 16:00,FEW,BKN,,6000.00,7000.00,
FVJN,2022-12-05 17:00,FEW,SCT,BKN,6000.00,7000.00,9000.00
FVJN,2022-12-06 03:00,BKN,,,8000.00,,
FVJN,2022-12-06 04:00,BKN,,,9000.00,,
FVJN,2022-12-06 05:00,BKN,,,8000.00,,
FVJN,2022-12-06 07:00,BKN,,,8000.00,,
FVJN,2022-12-06 13:00,,,,,,
FVJN,2022-12-06 14:00,,,,,,
FVJN,2022-12-09 08:00,SCT,,,2500.00,,
FVJN,2022-12-09 10:00,FEW,BKN,,2500.00,3000.00,
FVJN,2022-12-09 11:00,FEW,SCT,,3000.00,5000.00,
FVJN,2022-12-09 12:00,FEW,BKN,,3000.00,4000.00,
FVJN,2022-12-09 13:00,FEW,BKN,,3000.00,4000.00,
FVJN,2022-12-09 14:00,FEW,SCT,,3000.00,4000.00,
FVJN,2022-12-09 15:00,FEW,SCT,BKN,3000.00,4000.00,8000.00
FVJN,2022-12-09 16:00,FEW,SCT,BKN,3000.00,8000.00,30000.00
FVJN,2022-12-10 04:00,,,,,,
FVJN,2022-12-10 05:00,,,,,,
FVJN,2022-12-10 06:00,FEW,BKN,,2000.00,9000.00,
FVJN,2022-12-10 07:00,FEW,BKN,,2500.00,9000.00,
FVJN,2022-12-11 08:00,FEW,SCT,,2000.00,8000.00,
FVJN,2022-12-11 09:00,FEW,SCT,,3000.00,8000.00,
FVJN,2022-12-11 10:00,FEW,,,4000.00,,
FVJN,2022-12-11 11:00,SCT,,,4500.00,,
FVJN,2022-12-11 12:00,SCT,,,5000.00,,
FVJN,2022-12-11 13:00,FEW,,,4000.00,,
FVJN,2022-12-11 14:00,FEW,SCT,,4000.00,30000.00,
FVJN,2022-12-11 15:00,FEW,SCT,,4000.00,30000.00,
FVJN,2022-12-11 16:00,FEW,BKN,,4000.00,30000.00,
FVJN,2022-12-12 03:00,,,,,,
FVJN,2022-12-12 04:00,FEW,BKN,,1000.00,8000.00,
FVJN,2022-12-12 05:00,BKN,BKN,,1000.00,8000.00,
FVJN,2022-12-12 06:00,BKN,BKN,,1000.00,8000.00,
FVJN,2022-12-12 07:00,BKN,BKN,,1000.00,8000.00,
FVJN,2022-12-12 08:00,SCT,,,2000.00,,
FVJN,2022-12-12 09:00,FEW,,,2500.00,,
FVJN,2022-12-12 11:00,BKN,,,4000.00,,
FVJN,2022-12-12 12:00,FEW,BKN,,4000.00,4500.00,
FVJN,2022-12-12 13:00,FEW,BKN,,3000.00,4000.00,
FVJN,2022-12-12 14:00,FEW,SCT,,3000.00,4000.00,
FVJN,2022-12-12 15:00,FEW,SCT,,3000.00,30000.00,
FVJN,2022-12-13 03:00,,,,,,
FVJN,2022-12-13 04:00,,,,,,
FVJN,2022-12-13 06:00,,,,,,
FVJN,2022-12-13 10:00,SCT,,,4500.00,,
FVJN,2022-12-13 11:00,SCT,SCT,,5000.00,30000.00,
FVJN,2022-12-13 12:00,SCT,SCT,,5000.00,30000.00,
FVJN,2022-12-13 13:00,FEW,,,5000.00,,
FVJN,2022-12-13 15:00,FEW,SCT,,4000.00,30000.00,
FVJN,2022-12-13 16:00,FEW,BKN,,4000.00,30000.00,
FVJN,2022-12-14 04:00,,,,,,
FVJN,2022-12-14 05:00,,,,,,
FVJN,2022-12-14 08:00,SCT,,,3000.00,,
FVJN,2022-12-14 09:00,SCT,,,4000.00,,
FVJN,2022-12-14 10:00,FEW,SCT,,4500.00,5000.00,
FVJN,2022-12-14 11:00,FEW,SCT,,4000.00,5000.00,
FVJN,2022-12-14 12:00,FEW,SCT,,4000.00,5000.00,
FVJN,2022-12-14 13:00,FEW,SCT,,4000.00,5000.00,
FVJN,2022-12-14 14:00,FEW,SCT,,4000.00,5000.00,
FVJN,2022-12-14 15:00,FEW,BKN,,4000.00,8000.00,
FVJN,2022-12-15 03:00,,,,,,
FVJN,2022-12-15 04:00,FEW,BKN,,1000.00,9000.00,
FVJN,2022-12-15 05:00,FEW,BKN,,1000.00,9000.00,
FVJN,2022-12-15 06:00,FEW,BKN,,1000.00,9000.00,
FVJN,2022-12-15 07:00,FEW,BKN,,2000.00,30000.00,
FVJN,2022-12-16 05:00,,,,,,
FVJN,2022-12-16 08:00,FEW,BKN,,3500.00,8000.00,
FVJN,2022-12-16 12:00,FEW,SCT,,4000.00,5000.00,
FVJN,2022-12-16 13:00,FEW,SCT,,4000.00,5000.00,
FVJN,2022-12-16 14:00,FEW,SCT,,4000.00,5000.00,
FVJN,2022-12-16 15:00,FEW,SCT,,4000.00,5000.00,
FVJN,2022-12-16 16:00,FEW,SCT,,4000.00,30000.00,
FVJN,2022-12-17 03:00,BKN,,,8000.00,,
FVJN,2022-12-17 04:00,,,,,,
FVJN,2022-12-17 05:00,,,,,,
FVJN,2022-12-17 06:00,FEW,BKN,,700.00,9000.00,
FVJN,2022-12-17 08:00,SCT,BKN,,2000.00,30000.00,
FVJN,2022-12-17 09:00,SCT,BKN,,2500.00,30000.00,
FVJN,2022-12-17 13:00,FEW,BKN,,3000.00,8000.00,
FVJN,2022-12-17 14:00,FEW,OVC,,3000.00,8000.00,
FVJN,2022-12-17 15:00,FEW,OVC,,3000.00,8000.00,
FVJN,2022-12-18 06:00,BKN,BKN,,1000.00,8000.00,
FVJN,2022-12-18 07:00,BKN,BKN,,1000.00,8000.00,
FVJN,2022-12-18 08:00,BKN,BKN,,1000.00,8000.00,
FVJN,2022-12-18 09:00,FEW,BKN,BKN,1000.00,1500.00,8000.00
FVJN,2022-12-18 10:00,FEW,SCT,BKN,1000.00,1500.00,8000.00
FVJN,2022-12-18 11:00,SCT,FEW,BKN,1000.00,2000.00,8000.00
FVJN,2022-12-18 12:00,SCT,FEW,BKN,1000.00,2000.00,8000.00
FVJN,2022-12-18 13:07,BKN,FEW,BKN,1000.00,2000.00,8000.00
FVJN,2022-12-18 14:00,FEW,BKN,,2000.00,8000.00,
FVJN,2022-12-18 15:00,FEW,BKN,,2000.00,8000.00,
FVJN,2022-12-18 16:00,FEW,BKN,,2000.00,8000.00,
FVJN,2022-12-18 17:00,FEW,BKN,,2000.00,8000.00,
FVJN,2022-12-19 03:00,FEW,,,1000.00,,
FVJN,2022-12-19 04:00,NSC,,,,,
FVJN,2022-12-19 05:00,FEW,BKN,,1000.00,30000.00,
FVJN,2022-12-19 06:00,FEW,BKN,,1200.00,30000.00,
FVJN,2022-12-19 07:00,SCT,BKN,,1200.00,30000.00,
FVJN,2022-12-19 09:00,SCT,SCT,,2000.00,30000.00,
FVJN,2022-12-19 10:00,SCT,SCT,,3000.00,30000.00,
FVJN,2022-12-19 11:00,SCT,SCT,,4500.00,30000.00,
FVJN,2022-12-19 12:00,FEW,SCT,,3500.00,4500.00,
FVJN,2022-12-19 13:00,FEW,SCT,,3500.00,4500.00,
FVJN,2022-12-19 14:00,FEW,SCT,,3000.00,4000.00,
FVJN,2022-12-19 15:00,FEW,SCT,,3000.00,4000.00,
FVJN,2022-12-19 16:00,FEW,SCT,,3500.00,8000.00,
FVJN,2022-12-20 03:00,BKN,,,8000.00,,
FVJN,2022-12-20 04:00,BKN,,,8000.00,,
FVJN,2022-12-20 06:00,,,,,,
FVJN,2022-12-20 07:00,,,,,,
FVJN,2022-12-20 08:00,FEW,BKN,,3500.00,30000.00,
FVJN,2022-12-20 11:00,FEW,BKN,BKN,3500.00,4000.00,30000.00
FVJN,2022-12-20 12:00,FEW,SCT,BKN,3500.00,4000.00,30000.00
FVJN,2022-12-20 13:00,FEW,SCT,BKN,3000.00,3500.00,30000.00
FVJN,2022-12-20 15:00,FEW,BKN,,3000.00,30000.00,
FVJN,2022-12-21 03:00,FEW,,,1000.00,,
FVJN,2022-12-21 04:00,OVC,,,1000.00,,
FVJN,2022-12-21 05:00,FEW,,,1000.00,,
FVJN,2022-12-21 06:00,FEW,,,2000.00,,
FVJN,2022-12-21 10:00,SCT,BKN,,4000.00,30000.00,
FVJN,2022-12-21 12:00,SCT,SCT,,4500.00,30000.00,
FVJN,2022-12-21 13:00,SCT,,,4500.00,,
FVJN,2022-12-21 14:00,SCT,,,4500.00,,
FVJN,2022-12-21 16:00,FEW,,,4500.00,,
FVJN,2022-12-22 04:00,OVC,,,800.00,,
FVJN,2022-12-22 05:00,BKN,,,800.00,,
FVJN,2022-12-22 06:00,BKN,,,800.00,,
FVJN,2022-12-23 11:00,,,,,,
FVJN,2022-12-23 12:00,,,,,,
FVJN,2022-12-23 15:00,,,,,,
FVJN,2022-12-24 04:00,,,,,,
FVJN,2022-12-24 05:00,,,,,,
FVJN,2022-12-24 09:00,BKN,,,4000.00,,
FVJN,2022-12-25 11:00,,,,,,
FVJN,2022-12-25 12:00,,,,,,
FVJN,2022-12-25 13:00,,,,,,
FVJN,2022-12-25 14:00,,,,,,
FVJN,2022-12-25 15:00,,,,,,
FVJN,2022-12-26 11:00,,,,,,
FVJN,2022-12-26 15:00,,,,,,
FVJN,2022-12-27 04:00,,,,,,
FVJN,2022-12-27 05:00,,,,,,
FVJN,2022-12-29 04:00,,,,,,
FVJN,2022-12-29 06:00,,,,,,
FVJN,2022-12-29 10:00,,,,,,
FVJN,2022-12-29 14:00,,,,,,
FVJN,2022-12-29 15:00,,,,,,
FVJN,2022-12-29 16:00,,,,,,
FVJN,2022-12-30 03:00,FEW,,,1500.00,,
FVJN,2022-12-30 04:00,,,,,,
FVJN,2022-12-30 05:00,,,,,,
FVJN,2022-12-30 06:00,,,,,,
FVJN,2022-12-30 07:00,FEW,,,3000.00,,
FVJN,2022-12-30 08:00,FEW,,,4000.00,,
FVJN,2022-12-30 09:00,,,,,,
FVJN,2022-12-30 10:00,,,,,,
FVJN,2022-12-30 11:00,,,,,,
FVJN,2022-12-30 12:00,,,,,,
FVJN,2022-12-30 13:00,,,,,,
FVJN,2022-12-30 14:00,,,,,,
FVJN,2022-12-30 15:00,,,,,,
FVJN,2022-12-30 16:00,,,,,,
FVJN,2022-12-31 03:00,BKN,,,800.00,,
FVJN,2022-12-31 04:00,OVC,,,800.00,,
FVJN,2022-12-31 06:00,BKN,,,600.00,,
FVJN,2022-12-31 07:00,BKN,,,1000.00,,
FVJN,2022-12-31 08:00,BKN,,,1600.00,,
FVJN,2022-12-31 09:00,BKN,,,2500.00,,
FVJN,2022-12-31 10:00,BKN,,,3000.00,,
FVJN,2022-12-31 11:00,BKN,,,3500.00,,
FVJN,2022-12-31 12:00,BKN,,,4000.00,,
FVJN,2022-12-31 13:00,BKN,,,4000.00,,
FVJN,2022-12-31 15:00,SCT,,,4000.00,,
FVJN,2022-12-31 16:00,FEW,,,4000.00,,
FVJN,2022-12-31 18:00,FEW,,,1000.00,,
FVJN,2023-01-01 03:00,BKN,,,3000.00,,
FVJN,2023-01-01 04:00,SCT,,,3000.00,,
FVJN,2023-01-01 09:00,BKN,SCT,,3500.00,8000.00,
FVJN,2023-01-02 03:00,BKN,,,8000.00,,
FVJN,2023-01-04 04:00,,,,,,
FVJN,2023-01-04 05:00,FEW,BKN,,1000.00,10000.00,
FVJN,2023-01-04 06:00,BKN,BKN,,1000.00,10000.00,
FVJN,2023-01-04 09:00,FEW,SCT,,1500.00,2500.00,
FVJN,2023-01-05 03:00,FEW,BKN,,1000.00,8000.00,
FVJN,2023-01-06 10:00,FEW,SCT,OVC,,1500.00,8000.00
FVJN,2023-01-06 11:00,SCT,FEW,BKN,1500.00,2500.00,8000.00
FVJN,2023-01-06 12:00,BKN,OVC,,1500.00,8000.00,
FVJN,2023-01-06 13:00,BKN,OVC,,1500.00,8000.00,
FVJN,2023-01-06 14:00,BKN,OVC,,1500.00,8000.00,
FVJN,2023-01-06 15:00,BKN,BKN,,1500.00,8000.00,
FVJN,2023-01-06 16:00,BKN,BKN,,1000.00,8000.00,
FVJN,2023-01-06 19:00,SCT,BKN,BKN,1000.00,8000.00,30000.00
FVJN,2023-01-07 03:00,OVC,,,800.00,,
FVJN,2023-01-07 04:00,OVC,,,800.00,,
FVJN,2023-01-07 05:00,BKN,,,400.00,,
FVJN,2023-01-07 06:00,BKN,,,600.00,,
FVJN,2023-01-07 10:00,OVC,,,1200.00,,
FVJN,2023-01-07 11:00,OVC,,,1200.00,,
FVJN,2023-01-07 12:00,OVC,,,1200.00,,
FVJN,2023-01-07 14:00,OVC,,,1200.00,,
FVJN,2023-01-07 15:00,BKN,,,1200.00,,
FVJN,2023-01-07 16:00,OVC,,,1000.00,,
FVJN,2023-01-08 03:00,OVC,,,500.00,,
FVJN,2023-01-08 04:00,OVC,,,500.00,,
FVJN,2023-01-08 05:00,OVC,,,500.00,,
FVJN,2023-01-08 06:00,OVC,,,500.00,,
FVJN,2023-01-08 07:00,OVC,,,800.00,,
FVJN,2023-01-08 08:00,OVC,,,800.00,,
FVJN,2023-01-08 09:00,BKN,,,1000.00,,
FVJN,2023-01-08 10:00,BKN,,,1600.00,,
FVJN,2023-01-08 11:00,BKN,,,2000.00,,
FVJN,2023-01-08 12:00,BKN,,,2500.00,,
FVJN,2023-01-08 13:00,BKN,,,2500.00,,
FVJN,2023-01-08 14:00,BKN,,,2500.00,,
FVJN,2023-01-08 15:00,BKN,,,2500.00,,
FVJN,2023-01-08 17:00,SCT,BKN,,2500.00,9000.00,
FVJN,2023-01-08 18:00,,,,,,
FVJN,2023-01-09 03:00,,,,,,
FVJN,2023-01-09 04:00,,,,,,
FVJN,2023-01-09 05:00,FEW,,,1000.00,,
FVJN,2023-01-09 06:00,FEW,SCT,,1600.00,10000.00,
FVJN,2023-01-09 07:00,BKN,,,2000.00,,
FVJN,2023-01-09 08:00,BKN,,,2000.00,,
FVJN,2023-01-09 09:00,BKN,BKN,,2000.00,10000.00,
FVJN,2023-01-09 10:00,BKN,,,2500.00,,
FVJN,2023-01-09 11:00,BKN,,,2500.00,,
FVJN,2023-01-09 12:00,BKN,,,2500.00,,
FVJN,2023-01-09 13:00,SCT,,,2500.00,,
FVJN,2023-01-10 04:00,,,,,,
FVJN,2023-01-10 05:00,FEW,BKN,,1000.00,10000.00,
FVJN,2023-01-10 06:00,SCT,,,1000.00,,
FVJN,2023-01-10 07:00,SCT,,,1500.00,,
FVJN,2023-01-10 08:00,FEW,SCT,,2000.00,2500.00,
FVJN,2023-01-10 10:00,BKN,,,3500.00,,
FVJN,2023-01-10 12:00,BKN,BKN,,4500.00,9000.00,
FVJN,2023-01-10 13:00,SCT,,,4500.00,,
FVJN,2023-01-10 15:00,FEW,SCT,,3000.00,4500.00,
FVJN,2023-01-11 03:00,,,,,,
FVJN,2023-01-11 04:00,,,,,,
FVJN,2023-01-11 05:00,,,,,,
FVJN,2023-01-11 07:00,,,,,,
FVJN,2023-01-11 08:00,,,,,,
FVJN,2023-01-12 07:00,FEW,,,3000.00,,
FVJN,2023-01-12 08:00,FEW,,,4000.00,,
FVJN,2023-01-12 11:00,,,,,,
FVJN,2023-01-12 14:00,,,,,,
FVJN,2023-01-12 15:00,,,,,,
FVJN,2023-01-15 08:00,BKN,,,3500.00,,
FVJN,2023-01-15 09:00,BKN,,,4000.00,,
FVJN,2023-01-15 10:00,SCT,,,4500.00,,
FVJN,2023-01-15 11:00,SCT,,,4500.00,,
FVJN,2023-01-15 12:00,FEW,SCT,,4000.00,4500.00,
FVJN,2023-01-15 13:00,FEW,SCT,,4500.00,5000.00,
FVJN,2023-01-15 14:00,FEW,SCT,,4500.00,5000.00,
FVJN,2023-01-15 15:00,FEW,SCT,,4500.00,5000.00,
FVJN,2023-01-15 16:00,FEW,,,5000.00,,
FVJN,2023-01-16 03:00,,,,,,
FVJN,2023-01-16 04:00,,,,,,
FVJN,2023-01-16 05:00,BKN,,,1000.00,,
FVJN,2023-01-16 06:00,BKN,,,1600.00,,
FVJN,2023-01-16 07:00,BKN,,,1800.00,,
FVJN,2023-01-16 08:00,FEW,,,2500.00,,
FVJN,2023-01-16 09:00,FEW,,,4500.00,,
FVJN,2023-01-16 10:00,,,,,,
FVJN,2023-01-16 11:00,,,,,,
FVJN,2023-01-16 12:00,,,,,,
FVJN,2023-01-16 13:00,FEW,,,5000.00,,
FVJN,2023-01-16 14:00,FEW,,,4500.00,,
FVJN,2023-01-16 15:00,FEW,,,3500.00,,
FVJN,2023-01-16 16:00,FEW,,,4500.00,,
FVJN,2023-01-17 04:00,FEW,BKN,,500.00,9000.00,
FVJN,2023-01-17 06:00,FEW,BKN,,800.00,9000.00,
FVJN,2023-01-17 07:00,FEW,BKN,,1500.00,9000.00,
FVJN,2023-01-17 10:00,SCT,BKN,,3500.00,9000.00,
FVJN,2023-01-18 08:00,BKN,SCT,,2500.00,10000.00,
FVJN,2023-01-18 09:00,BKN,,,2500.00,,
FVJN,2023-01-18 10:00,BKN,,,2500.00,,
FVJN,2023-01-18 12:00,FEW,SCT,,4000.00,5000.00,
FVJN,2023-01-18 13:00,FEW,,,4000.00,,
FVJN,2023-01-19 12:00,BKN,,,4000.00,,
FVJN,2023-01-20 06:00,FEW,BKN,,500.00,9000.00,
FVJN,2023-01-20 07:00,FEW,BKN,,800.00,9000.00,
FVJN,2023-01-20 08:00,BKN,BKN,,1600.00,9000.00,
FVJN,2023-01-20 09:00,BKN,SCT,,2500.00,9000.00,
FVJN,2023-01-20 11:00,FEW,SCT,BKN,2000.00,2500.00,8000.00
FVJN,2023-01-20 12:00,FEW,SCT,BKN,2000.00,2500.00,8000.00
FVJN,2023-01-20 13:00,FEW,BKN,,2000.00,8000.00,
FVJN,2023-01-20 14:00,FEW,BKN,,2500.00,8000.00,
FVJN,2023-01-20 15:00,FEW,BKN,,3000.00,8000.00,
FVJN,2023-01-20 16:00,FEW,BKN,,3000.00,8000.00,
FVJN,2023-01-21 05:00,FEW,BKN,,1500.00,9000.00,
FVJN,2023-01-21 06:00,FEW,SCT,,1500.00,9000.00,
FVJN,2023-01-21 07:00,FEW,SCT,,2000.00,10000.00,
FVJN,2023-01-21 09:00,FEW,BKN,,4000.00,10000.00,
FVJN,2023-01-21 10:00,,,,,,
FVJN,2023-01-21 14:00,,,,,,
FVJN,2023-01-22 03:00,,,,,,
FVJN,2023-01-22 04:00,,,,,,
FVJN,2023-01-22 05:00,,,,,,
FVJN,2023-01-22 07:00,FEW,,,3000.00,,
FVJN,2023-01-22 09:00,SCT,,,4000.00,,
FVJN,2023-01-22 10:00,,,,,,
FVJN,2023-01-22 11:00,,,,,,
FVJN,2023-01-22 13:00,,,,,,
FVJN,2023-01-22 14:00,,,,,,
FVJN,2023-01-22 15:00,FEW,SCT,,5000.00,6000.00,
FVJN,2023-01-23 04:00,BKN,,,8000.00,,
FVJN,2023-01-23 06:00,SCT,BKN,,500.00,8000.00,
FVJN,2023-01-23 07:00,BKN,BKN,,1600.00,9000.00,
FVJN,2023-01-23 08:00,BKN,BKN,,1700.00,9000.00,
FVJN,2023-01-23 09:00,SCT,BKN,,1700.00,9000.00,
FVJN,2023-01-23 10:00,FEW,BKN,,1800.00,9000.00,
FVJN,2023-01-23 11:00,FEW,BKN,,2000.00,9000.00,
FVJN,2023-01-23 13:00,FEW,BKN,,2000.00,9000.00,
FVJN,2023-01-23 14:00,FEW,SCT,BKN,2000.00,2500.00,9000.00
FVJN,2023-01-23 15:00,FEW,BKN,BKN,2000.00,2500.00,9000.00
FVJN,2023-01-24 03:00,FEW,OVC,,1500.00,9000.00,
FVJN,2023-01-24 04:00,FEW,BKN,,1500.00,9000.00,
FVJN,2023-01-24 05:00,BKN,BKN,,1000.00,9000.00,
FVJN,2023-01-24 06:00,BKN,BKN,,1000.00,9000.00,
FVJN,2023-01-24 07:00,BKN,BKN,,1000.00,9000.00,
FVJN,2023-01-25 10:00,,,,,,
FVJN,2023-01-25 11:00,,,,,,
FVJN,2023-01-25 12:00,,,,,,
FVJN,2023-01-25 13:00,,,,,,
FVJN,2023-01-25 14:00,,,,,,
FVJN,2023-01-25 15:00,,,,,,
FVJN,2023-01-26 04:00,,,,,,
FVJN,2023-01-26 05:00,BKN,BKN,,1000.00,9000.00,
FVJN,2023-01-26 06:00,SCT,,,2000.00,,
FVJN,2023-01-26 07:00,BKN,,,2500.00,,
FVJN,2023-01-26 08:00,BKN,,,3000.00,,
FVJN,2023-01-26 09:00,BKN,,,3500.00,,
FVJN,2023-01-26 10:00,BKN,,,4000.00,,
FVJN,2023-01-26 11:00,BKN,,,4500.00,,
FVJN,2023-01-26 12:00,,,,,,
FVJN,2023-01-26 14:00,,,,,,
FVJN,2023-01-26 15:00,,,,,,
FVJN,2023-01-26 16:00,,,,,,
FVJN,2023-01-27 03:00,,,,,,
FVJN,2023-01-27 04:00,,,,,,
FVJN,2023-01-27 05:00,,,,,,
FVJN,2023-01-27 06:00,BKN,,,1400.00,,
FVJN,2023-01-27 07:00,SCT,,,2000.00,,
FVJN,2023-01-27 08:00,FEW,,,2500.00,,
FVJN,2023-01-27 09:00,FEW,,,3500.00,,
FVJN,2023-01-27 10:00,SCT,,,4500.00,,
FVJN,2023-01-27 11:00,SCT,,,4800.00,,
FVJN,2023-01-27 12:00,,,,,,
FVJN,2023-01-27 13:00,,,,,,
FVJN,2023-01-27 14:00,,,,,,
FVJN,2023-01-27 15:00,,,,,,
FVJN,2023-01-28 03:00,,,,,,
FVJN,2023-01-28 04:00,,,,,,
FVJN,2023-01-28 05:00,,,,,,
FVJN,2023-01-28 06:00,,,,,,
FVJN,2023-01-28 09:00,,,,,,
FVJN,2023-01-28 10:00,,,,,,
FVJN,2023-01-28 11:00,,,,,,
FVJN,2023-01-30 06:00,BKN,BKN,,800.00,8000.00,
FVJN,2023-01-30 08:00,BKN,SCT,,1500.00,8000.00,
FVJN,2023-01-30 09:00,FEW,SCT,,1500.00,8000.00,
FVJN,2023-01-30 11:00,FEW,SCT,,4000.00,4500.00,
FVJN,2023-01-30 12:00,FEW,SCT,,4000.00,4500.00,
FVJN,2023-01-30 13:00,FEW,SCT,,3000.00,4000.00,
FVJN,2023-01-30 14:00,FEW,SCT,,3000.00,4000.00,
FVJN,2023-01-30 15:00,FEW,SCT,,3000.00,30000.00,
FVJN,2023-01-31 03:00,FEW,SCT,,1000.00,8000.00,
FVJN,2023-01-31 04:00,SCT,SCT,,1000.00,30000.00,
FVJN,2023-01-31 05:00,BKN,SCT,,1500.00,30000.00,
FVJN,2023-01-31 06:00,BKN,,,1800.00,,
FVJN,2023-01-31 07:00,BKN,,,2000.00,,
FVJN,2023-01-31 09:00,SCT,SCT,,2500.00,9000.00,
FVJN,2023-01-31 13:00,FEW,SCT,,2500.00,3000.00,
FVJN,2023-01-31 14:00,FEW,SCT,,2500.00,3000.00,
FVJN,2023-01-31 15:00,FEW,SCT,,2500.00,3000.00,
FVJN,2023-01-31 16:00,FEW,SCT,,2500.00,9000.00,
FVJN,2023-02-01 03:00,,,,,,
FVJN,2023-02-01 07:00,FEW,BKN,,1800.00,9000.00,
FVJN,2023-02-01 08:00,BKN,BKN,,2500.00,9000.00,
FVJN,2023-02-01 10:00,FEW,BKN,,2000.00,2500.00,
FVJN,2023-02-01 11:00,FEW,BKN,,2000.00,2500.00,
FVJN,2023-02-01 12:00,FEW,BKN,,1800.00,8000.00,
FVJN,2023-02-01 13:00,FEW,BKN,,1600.00,8000.00,
FVJN,2023-02-01 14:00,FEW,BKN,,1600.00,8000.00,
FVJN,2023-02-01 15:00,FEW,OVC,,1800.00,8000.00,
FVJN,2023-02-02 03:00,,,,,,
FVJN,2023-02-02 04:00,,,,,,
FVJN,2023-02-02 05:00,,,,,,
FVJN,2023-02-02 06:00,,,,,,
FVJN,2023-02-02 07:00,FEW,BKN,,1800.00,9000.00,
FVJN,2023-02-02 08:00,FEW,BKN,,2000.00,9000.00,
FVJN,2023-02-02 09:00,FEW,BKN,,2500.00,9000.00,
FVJN,2023-02-02 10:00,FEW,BKN,,3000.00,9000.00,
FVJN,2023-02-02 12:00,FEW,SCT,,3000.00,3500.00,
FVJN,2023-02-02 14:00,FEW,BKN,,3000.00,9000.00,
FVJN,2023-02-02 16:00,FEW,BKN,,3000.00,9000.00,
FVJN,2023-02-03 04:00,,,,,,
FVJN,2023-02-03 05:00,,,,,,
FVJN,2023-02-03 06:00,,,,,,
FVJN,2023-02-03 07:00,FEW,SCT,,2000.00,10000.00,
FVJN,2023-02-03 08:00,FEW,BKN,,2000.00,10000.00,
FVJN,2023-02-03 09:00,FEW,BKN,,2000.00,10000.00,
FVJN,2023-02-03 17:00,FEW,SCT,BKN,2500.00,9000.00,30000.00
FVJN,2023-02-04 06:00,FEW,BKN,,1000.00,9000.00,
FVJN,2023-02-04 07:00,SCT,BKN,,1600.00,9000.00,
FVJN,2023-02-04 08:00,BKN,BKN,,1800.00,9000.00,
FVJN,2023-02-04 09:00,BKN,BKN,,2000.00,10000.00,
FVJN,2023-02-04 11:00,FEW,BKN,,3000.00,3500.00,
FVJN,2023-02-04 12:00,FEW,BKN,,2500.00,3500.00,
FVJN,2023-02-04 13:00,FEW,SCT,BKN,2500.00,3500.00,8000.00
FVJN,2023-02-04 15:00,FEW,BKN,,2500.00,8000.00,
FVJN,2023-02-04 16:00,FEW,BKN,,2500.00,8000.00,
FVJN,2023-02-05 03:00,FEW,BKN,,1000.00,8000.00,
FVJN,2023-02-05 04:00,BKN,BKN,,1000.00,8000.00,
FVJN,2023-02-05 06:00,OVC,,,1200.00,,
FVJN,2023-02-05 07:00,OVC,,,1200.00,,
FVJN,2023-02-05 09:00,BKN,,,2000.00,,
FVJN,2023-02-05 10:00,BKN,,,2000.00,,
FVJN,2023-02-05 13:00,SCT,,,3000.00,,
FVJN,2023-02-05 15:00,FEW,,,3000.00,,
FVJN,2023-02-06 04:00,,,,,,
FVJN,2023-02-06 06:00,,,,,,
FVJN,2023-02-06 07:00,FEW,,,3000.00,,
FVJN,2023-02-06 08:00,FEW,,,4000.00,,
FVJN,2023-02-06 10:00,,,,,,
FVJN,2023-02-06 13:00,,,,,,
FVJN,2023-02-06 14:00,,,,,,
FVJN,2023-02-06 15:00,,,,,,
FVJN,2023-02-07 03:00,,,,,,
FVJN,2023-02-07 04:00,,,,,,
FVJN,2023-02-07 05:00,,,,,,
FVJN,2023-02-07 06:00,FEW,,,2000.00,,
FVJN,2023-02-07 07:00,FEW,,,3000.00,,
FVJN,2023-02-07 08:00,FEW,,,3500.00,,
FVJN,2023-02-07 09:00,FEW,,,4500.00,,
FVJN,2023-02-07 10:00,SCT,,,4500.00,,
FVJN,2023-02-07 12:00,,,,,,
FVJN,2023-02-07 13:00,FEW,SCT,,4000.00,5000.00,
FVJN,2023-02-07 14:00,BKN,,,4000.00,,
FVJN,2023-02-07 15:00,BKN,,,4000.00,,
FVJN,2023-02-08 04:00,,,,,,
FVJN,2023-02-08 05:00,,,,,,
FVJN,2023-02-08 06:00,,,,,,
FVJN,2023-02-08 07:00,,,,,,
FVJN,2023-02-08 09:00,BKN,,,3500.00,,
FVJN,2023-02-08 11:20,FEW,BKN,,3500.00,4000.00,
FVJN,2023-02-09 10:00,FEW,BKN,,4000.00,30000.00,
FVJN,2023-02-09 11:00,FEW,SCT,,4000.00,30000.00,
FVJN,2023-02-09 14:00,FEW,SCT,,4000.00,30000.00,
FVJN,2023-02-10 03:00,,,,,,
FVJN,2023-02-10 04:00,FEW,,,500.00,,
FVJN,2023-02-10 09:00,BKN,,,1500.00,,
FVJN,2023-02-10 10:00,BKN,,,2500.00,,
FVJN,2023-02-10 11:00,BKN,,,3500.00,,
FVJN,2023-02-10 13:00,SCT,,,4000.00,,
FVJN,2023-02-10 16:00,FEW,SCT,,4000.00,10000.00,
FVJN,2023-02-11 04:00,,,,,,
FVJN,2023-02-11 05:00,,,,,,
FVJN,2023-02-11 06:00,,,,,,
FVJN,2023-02-11 07:00,FEW,BKN,,2800.00,30000.00,
FVJN,2023-02-11 09:00,FEW,SCT,,4500.00,30000.00,
FVJN,2023-02-11 11:00,,,,,,
FVJN,2023-02-12 16:00,FEW,BKN,,4000.00,8000.00,
FVJN,2023-02-13 05:00,SCT,BKN,,1500.00,10000.00,
FVJN,2023-02-13 06:00,BKN,BKN,,1200.00,10000.00,
FVJN,2023-02-13 07:00,BKN,,,1200.00,,
FVJN,2023-02-14 10:00,SCT,BKN,,3000.00,30000.00,
FVJN,2023-02-14 11:00,SCT,BKN,,3000.00,30000.00,
FVJN,2023-02-14 12:00,SCT,BKN,,3800.00,30000.00,
FVJN,2023-02-14 13:00,SCT,BKN,,3500.00,30000.00,
FVJN,2023-02-14 14:00,FEW,BKN,,3500.00,30000.00,
FVJN,2023-02-14 15:00,FEW,BKN,,3500.00,30000.00,
FVJN,2023-02-14 16:00,FEW,BKN,,3000.00,30000.00,
FVJN,2023-02-15 03:00,,,,,,
FVJN,2023-02-15 04:00,BKN,BKN,,3000.00,9000.00,
FVJN,2023-02-15 05:00,FEW,BKN,,1000.00,3000.00,
FVJN,2023-02-15 06:00,BKN,BKN,,1000.00,3000.00,
FVJN,2023-02-15 08:00,SCT,BKN,,1000.00,9000.00,
FVJN,2023-02-15 10:00,FEW,SCT,BKN,2500.00,3000.00,9000.00
FVJN,2023-02-15 11:00,FEW,SCT,BKN,2500.00,3000.00,30000.00
FVJN,2023-02-15 12:00,FEW,SCT,BKN,2500.00,3000.00,30000.00
FVJN,2023-02-15 13:00,FEW,SCT,BKN,3000.00,4000.00,30000.00
FVJN,2023-02-16 03:00,,,,,,
FVJN,2023-02-16 05:00,SCT,BKN,,400.00,9000.00,
FVJN,2023-02-16 06:00,BKN,BKN,,600.00,9000.00,
FVJN,2023-02-17 05:00,FEW,BKN,,1000.00,9000.00,
FVJN,2023-02-17 06:00,BKN,BKN,,1000.00,9000.00,
FVJN,2023-02-17 10:00,SCT,BKN,,2000.00,10000.00,
FVJN,2023-02-18 03:00,FEW,SCT,BKN,600.00,2000.00,9000.00
FVJN,2023-02-19 11:00,OVC,,,1400.00,,
FVJN,2023-02-19 12:00,OVC,,,1400.00,,
FVJN,2023-02-19 13:00,BKN,,,1400.00,,
FVJN,2023-02-19 14:00,BKN,,,1400.00,,
FVJN,2023-02-19 15:00,OVC,,,1400.00,,
FVJN,2023-02-19 16:00,OVC,,,200.00,,
FVJN,2023-02-19 17:00,OVC,,,200.00,,
FVJN,2023-02-20 03:00,OVC,,,200.00,,
FVJN,2023-02-20 04:00,OVC,,,200.00,,
FVJN,2023-02-20 05:00,,,,,,
FVJN,2023-02-20 06:00,OVC,,,200.00,,
FVJN,2023-02-20 08:00,OVC,,,300.00,,
FVJN,2023-02-20 09:00,OVC,,,300.00,,
FVJN,2023-02-20 11:00,BKN,FEW,BKN,1000.00,2000.00,10000.00
FVJN,2023-02-20 12:00,SCT,FEW,BKN,1200.00,2000.00,10000.00
FVJN,2023-02-20 13:00,SCT,BKN,FEW,2000.00,30000.00,
FVJN,2023-02-20 15:00,FEW,BKN,,2000.00,30000.00,
FVJN,2023-02-20 16:00,FEW,SCT,,2000.00,30000.00,
FVJN,2023-02-21 03:00,,,,,,
FVJN,2023-02-21 04:00,,,,,,
FVJN,2023-02-21 05:00,,,,,,
FVJN,2023-02-21 06:00,FEW,,,1000.00,,
FVJN,2023-02-21 07:00,FEW,,,1500.00,,
FVJN,2023-02-21 13:00,FEW,SCT,,6000.00,7000.00,
FVJN,2023-02-22 07:00,BKN,,,2000.00,,
FVJN,2023-02-22 08:00,BKN,,,2000.00,,
FVJN,2023-02-22 11:00,SCT,,,3000.00,,
FVJN,2023-02-22 12:00,SCT,,,3000.00,,
FVJN,2023-02-22 13:00,SCT,,,3000.00,,
FVJN,2023-02-22 15:00,SCT,,,3000.00,,
FVJN,2023-02-22 16:00,SCT,,,3000.00,,
FVJN,2023-02-23 04:00,BKN,,,1000.00,,
FVJN,2023-02-23 06:00,SCT,,,1600.00,,
FVJN,2023-02-23 15:00,,,,,,
FVJN,2023-02-24 04:00,,,,,,
FVJN,2023-02-24 09:00,FEW,BKN,,4500.00,30000.00,
FVJN,2023-02-24 11:00,FEW,SCT,,5000.00,30000.00,
FVJN,2023-02-24 13:00,FEW,,,5500.00,,
FVJN,2023-02-26 08:00,SCT,,,2500.00,,
FVJN,2023-02-26 09:00,SCT,,,3000.00,,
FVJN,2023-02-26 10:00,SCT,,,4000.00,,
FVJN,2023-02-26 11:00,SCT,,,4500.00,,
FVJN,2023-02-26 13:00,,,,,,
FVJN,2023-02-26 14:00,FEW,,,5000.00,,
FVJN,2023-02-26 15:00,,,,,,
FVJN,2023-02-27 04:00,BKN,,,500.00,,
FVJN,2023-02-27 05:00,OVC,,,500.00,,
FVJN,2023-02-27 07:00,BKN,,,1000.00,,
FVJN,2023-02-27 09:00,BKN,,,1600.00,,
FVJN,2023-02-27 11:00,BKN,,,2000.00,,
FVJN,2023-02-27 12:00,BKN,,,2000.00,,
FVJN,2023-02-27 15:00,SCT,,,2000.00,,
FVJN,2023-02-28 03:00,BKN,,,4000.00,,
FVJN,2023-02-28 04:00,BKN,,,4000.00,,
FVJN,2023-02-28 05:00,BKN,,,400.00,,
FVJN,2023-02-28 06:00,OVC,,,800.00,,
FVJN,2023-02-28 08:00,OVC,,,1000.00,,
FVJN,2023-02-28 10:00,OVC,,,1000.00,,
FVJN,2023-02-28 11:00,OVC,,,900.00,,
FVJN,2023-02-28 12:00,BKN,BKN,,900.00,8000.00,
FVJN,2023-02-28 13:00,BKN,BKN,,1500.00,8000.00,
FVJN,2023-02-28 14:00,BKN,BKN,,1200.00,8000.00,
FVJN,2023-02-28 15:00,FEW,BKN,BKN,900.00,1400.00,9000.00
FVJN,2023-03-01 04:00,SCT,,,800.00,,
FVJN,2023-03-01 05:00,BKN,,,800.00,,
FVJN,2023-03-01 06:00,BKN,,,800.00,,
FVJN,2023-03-01 07:00,SCT,,,1000.00,,
FVJN,2023-03-01 08:00,FEW,,,2000.00,,
FVJN,2023-03-01 09:00,SCT,,,3500.00,,
FVJN,2023-03-01 10:00,SCT,,,3600.00,,
FVJN,2023-03-01 11:00,,,,,,
FVJN,2023-03-01 12:00,,,,,,
FVJN,2023-03-01 14:00,,,,,,
FVJN,2023-03-01 15:00,,,,,,
FVJN,2023-03-01 16:00,,,,,,
FVJN,2023-03-01 17:00,,,,,,
FVJN,2023-03-02 03:00,SCT,,,500.00,,
FVJN,2023-03-02 04:00,OVC,,,400.00,,
FVJN,2023-03-02 06:00,BKN,,,1600.00,,
FVJN,2023-03-02 07:00,BKN,,,2000.00,,
FVJN,2023-03-02 09:00,BKN,,,2800.00,,
FVJN,2023-03-02 10:00,BKN,,,3000.00,,
FVJN,2023-03-02 11:00,SCT,,,4000.00,,
FVJN,2023-03-02 12:00,SCT,,,4500.00,,
FVJN,2023-03-02 13:00,SCT,,,4500.00,,
FVJN,2023-03-02 14:00,FEW,BKN,,3500.00,4000.00,
FVJN,2023-03-02 15:00,FEW,,,4500.00,,
FVJN,2023-03-02 16:00,FEW,,,4500.00,,
FVJN,2023-03-03 06:00,BKN,,,1000.00,,
FVJN,2023-03-03 07:00,BKN,,,1000.00,,
FVJN,2023-03-03 08:00,BKN,,,1600.00,,
FVJN,2023-03-03 09:00,BKN,,,2000.00,,
FVJN,2023-03-03 10:00,BKN,,,2500.00,,
FVJN,2023-03-03 11:00,BKN,,,3000.00,,
FVJN,2023-03-03 12:00,BKN,,,3500.00,,
FVJN,2023-03-03 13:00,SCT,,,3500.00,,
FVJN,2023-03-03 14:00,SCT,,,3500.00,,
FVJN,2023-03-03 16:00,FEW,,,3500.00,,
FVJN,2023-03-04 03:00,SCT,,,1000.00,,
FVJN,2023-03-04 07:00,FEW,,,1600.00,,
FVJN,2023-03-04 12:00,SCT,,,4800.00,,
FVJN,2023-03-04 13:00,,,,,,
FVJN,2023-03-04 14:00,,,,,,
FVJN,2023-03-04 15:00,,,,,,
FVJN,2023-03-05 03:00,,,,,,
FVJN,2023-03-05 04:00,,,,,,
FVJN,2023-03-05 05:00,,,,,,
FVJN,2023-03-05 06:00,,,,,,
FVJN,2023-03-07 07:00,BKN,,,2000.00,,
FVJN,2023-03-07 08:00,BKN,,,2500.00,,
FVJN,2023-03-07 09:00,SCT,,,3500.00,,
FVJN,2023-03-07 10:00,SCT,,,4500.00,,
FVJN,2023-03-07 11:00,,,,,,
FVJN,2023-03-07 12:00,,,,,,
FVJN,2023-03-07 13:00,,,,,,
FVJN,2023-03-07 14:00,,,,,,
FVJN,2023-03-07 16:00,,,,,,
FVJN,2023-03-08 03:00,,,,,,
FVJN,2023-03-08 04:00,FEW,,,800.00,,
FVJN,2023-03-08 05:00,SCT,,,1000.00,,
FVJN,2023-03-08 06:00,FEW,,,1500.00,,
FVJN,2023-03-08 08:00,FEW,,,3000.00,,
FVJN,2023-03-08 10:00,,,,,,
FVJN,2023-03-08 12:00,,,,,,
FVJN,2023-03-08 13:00,,,,,,
FVJN,2023-03-08 14:00,,,,,,
FVJN,2023-03-08 15:00,,,,,,
FVJN,2023-03-08 16:00,,,,,,
FVJN,2023-03-09 03:00,,,,,,
FVJN,2023-03-09 05:00,,,,,,
FVJN,2023-03-09 06:00,,,,,,
FVJN,2023-03-09 07:00,,,,,,
FVJN,2023-03-09 08:00,,,,,,
FVJN,2023-03-09 09:00,,,,,,
FVJN,2023-03-09 11:00,,,,,,
FVJN,2023-03-09 13:00,,,,,,
FVJN,2023-03-09 14:00,,,,,,
FVJN,2023-03-09 15:00,,,,,,
FVJN,2023-03-10 03:00,,,,,,
FVJN,2023-03-10 05:00,,,,,,
FVJN,2023-03-10 06:00,SCT,,,1600.00,,
FVJN,2023-03-10 07:00,SCT,,,2500.00,,
FVJN,2023-03-10 08:00,SCT,,,2500.00,,
FVJN,2023-03-10 09:00,SCT,,,3500.00,,
FVJN,2023-03-10 10:00,SCT,,,4500.00,,
FVJN,2023-03-10 12:00,,,,,,
FVJN,2023-03-10 13:00,,,,,,
FVJN,2023-03-10 14:00,,,,,,
FVJN,2023-03-10 15:00,,,,,,
FVJN,2023-03-11 03:00,,,,,,
FVJN,2023-03-11 07:00,FEW,,,2500.00,,
FVJN,2023-03-11 08:00,SCT,,,3000.00,,
FVJN,2023-03-11 09:00,SCT,,,3500.00,,
FVJN,2023-03-11 10:00,SCT,,,4000.00,,
FVJN,2023-03-11 11:00,SCT,,,4500.00,,
FVJN,2023-03-11 12:00,SCT,,,4500.00,,
FVJN,2023-03-11 13:00,,,,,,
FVJN,2023-03-11 14:00,,,,,,
FVJN,2023-03-11 15:00,,,,,,
FVJN,2023-03-11 16:00,,,,,,
FVJN,2023-03-12 04:00,FEW,,,600.00,,
FVJN,2023-03-12 05:00,BKN,,,800.00,,
FVJN,2023-03-12 06:00,FEW,,,1000.00,,
FVJN,2023-03-12 07:00,FEW,,,1500.00,,
FVJN,2023-03-12 08:00,FEW,,,2500.00,,
FVJN,2023-03-12 09:00,SCT,,,3500.00,,
FVJN,2023-03-12 10:00,SCT,,,4000.00,,
FVJN,2023-03-12 11:00,,,,,,
FVJN,2023-03-12 12:00,,,,,,
FVJN,2023-03-12 13:00,,,,,,
FVJN,2023-03-12 14:00,,,,,,
FVJN,2023-03-12 15:00,,,,,,
FVJN,2023-03-12 16:00,,,,,,
FVJN,2023-03-13 03:00,OVC,,,300.00,,
FVJN,2023-03-13 04:00,OVC,,,500.00,,
FVJN,2023-03-13 05:00,OVC,,,500.00,,
FVJN,2023-03-13 06:00,BKN,,,700.00,,
FVJN,2023-03-13 07:00,OVC,,,700.00,,
FVJN,2023-03-13 08:00,BKN,,,2000.00,,
FVJN,2023-03-13 09:00,BKN,,,2500.00,,
FVJN,2023-03-13 10:00,SCT,BKN,,3000.00,3500.00,
FVJN,2023-03-13 12:00,SCT,BKN,,3000.00,3500.00,
FVJN,2023-03-13 13:00,SCT,BKN,,3000.00,3500.00,
FVJN,2023-03-13 14:00,SCT,BKN,,3000.00,3500.00,
FVJN,2023-03-13 15:00,FEW,BKN,,3000.00,8000.00,
FVJN,2023-03-13 16:00,FEW,BKN,,3000.00,8000.00,
FVJN,2023-03-14 04:00,BKN,,,800.00,,
FVJN,2023-03-14 05:00,BKN,,,800.00,,
FVJN,2023-03-14 06:00,BKN,,,800.00,,
FVJN,2023-03-14 07:00,BKN,,,1200.00,,
FVJN,2023-03-14 08:00,BKN,,,2000.00,,
FVJN,2023-03-14 09:00,BKN,,,2000.00,,
FVJN,2023-03-14 10:00,BKN,,,2500.00,,
FVJN,2023-03-14 11:00,SCT,,,3000.00,,
FVJN,2023-03-14 12:00,SCT,,,4000.00,,
FVJN,2023-03-14 13:00,SCT,,,4000.00,,
FVJN,2023-03-14 15:00,SCT,,,4000.00,,
FVJN,2023-03-14 16:00,SCT,,,4000.00,,
FVJN,2023-03-14 17:00,SCT,,,4000.00,,
FVJN,2023-03-14 18:00,FEW,,,4000.00,,
FVJN,2023-03-15 08:00,BKN,,,2000.00,,
FVJN,2023-03-15 09:00,BKN,,,3000.00,,
FVJN,2023-03-15 10:00,BKN,,,3000.00,,
FVJN,2023-03-15 11:00,BKN,,,4000.00,,
FVJN,2023-03-15 12:00,SCT,,,4000.00,,
FVJN,2023-03-15 13:00,,,,,,
FVJN,2023-03-15 14:00,,,,,,
FVJN,2023-03-15 16:00,,,,,,
FVJN,2023-03-16 04:00,BKN,,,800.00,,
FVJN,2023-03-16 05:00,BKN,,,800.00,,
FVJN,2023-03-16 08:00,BKN,,,2000.00,,
FVJN,2023-03-16 09:00,BKN,,,3000.00,,
FVJN,2023-03-16 10:00,SCT,,,4000.00,,
FVJN,2023-03-16 12:00,SCT,,,4500.00,,
FVJN,2023-03-16 13:00,SCT,,,4500.00,,
FVJN,2023-03-16 14:00,SCT,,,4500.00,,
FVJN,2023-03-16 16:00,FEW,,,4500.00,,
FVJN,2023-03-17 03:00,SCT,,,1000.00,,
FVJN,2023-03-17 04:00,BKN,,,1000.00,,
FVJN,2023-03-17 05:00,FEW,,,1200.00,,
FVJN,2023-03-17 06:00,SCT,,,1500.00,,
FVJN,2023-03-17 07:00,BKN,,,1800.00,,
FVJN,2023-03-17 09:00,SCT,,,3500.00,,
FVJN,2023-03-17 11:00,BKN,,,4000.00,,
FVJN,2023-03-17 13:00,,,,,,
FVJN,2023-03-17 14:00,,,,,,
FVJN,2023-03-17 16:00,,,,,,
FVJN,2023-03-18 04:00,,,,,,
FVJN,2023-03-18 06:00,,,,,,
FVJN,2023-03-18 07:00,,,,,,
FVJN,2023-03-18 09:00,,,,,,
FVJN,2023-03-18 10:00,,,,,,
FVJN,2023-03-18 11:00,,,,,,
FVJN,2023-03-18 12:00,,,,,,
FVJN,2023-03-18 15:00,,,,,,
FVJN,2023-03-19 03:00,,,,,,
FVJN,2023-03-19 08:00,,,,,,
FVJN,2023-03-19 09:00,,,,,,
FVJN,2023-03-19 10:00,,,,,,
FVJN,2023-03-19 11:00,,,,,,
FVJN,2023-03-19 12:00,,,,,,
FVJN,2023-03-19 13:00,,,,,,
FVJN,2023-03-19 14:00,,,,,,
FVJN,2023-03-19 15:00,,,,,,
FVJN,2023-03-19 16:00,,,,,,
FVJN,2023-03-20 04:00,,,,,,
FVJN,2023-03-20 05:00,,,,,,
FVJN,2023-03-20 06:00,,,,,,
FVJN,2023-03-20 07:00,,,,,,
FVJN,2023-03-20 08:00,,,,,,
FVJN,2023-03-20 10:00,,,,,,
FVJN,2023-03-20 11:00,,,,,,
FVJN,2023-03-20 12:00,,,,,,
FVJN,2023-03-20 13:00,,,,,,
FVJN,2023-03-20 14:00,,,,,,
FVJN,2023-03-20 15:00,,,,,,
FVJN,2023-03-20 16:00,,,,,,
FVJN,2023-03-21 03:00,,,,,,
FVJN,2023-03-21 04:00,,,,,,
FVJN,2023-03-21 05:00,,,,,,
FVJN,2023-03-21 06:00,,,,,,
FVJN,2023-03-21 07:00,,,,,,
FVJN,2023-03-21 08:00,,,,,,
FVJN,2023-03-21 09:00,SCT,,,4500.00,,
FVJN,2023-03-21 10:00,,,,,,
FVJN,2023-03-21 12:00,,,,,,
FVJN,2023-03-21 14:00,,,,,,
FVJN,2023-03-21 15:00,,,,,,
FVJN,2023-03-21 16:00,,,,,,
FVJN,2023-03-22 03:00,,,,,,
FVJN,2023-03-22 04:00,,,,,,
FVJN,2023-03-22 05:00,,,,,,
FVJN,2023-03-22 06:00,,,,,,
FVJN,2023-03-22 07:00,,,,,,
FVJN,2023-03-22 09:00,BKN,,,3000.00,,
FVJN,2023-03-22 11:00,SCT,SCT,,4000.00,10000.00,
FVJN,2023-03-22 12:00,SCT,,,4500.00,,
FVJN,2023-03-22 13:00,BKN,,,4500.00,,
FVJN,2023-03-23 03:00,,,,,,
FVJN,2023-03-23 04:00,,,,,,
FVJN,2023-03-23 05:00,,,,,,
FVJN,2023-03-23 06:00,,,,,,
FVJN,2023-03-23 07:00,FEW,,,2500.00,,
FVJN,2023-03-23 09:00,BKN,,,3500.00,,
FVJN,2023-03-23 10:00,BKN,,,4500.00,,
FVJN,2023-03-23 11:00,BKN,,,4500.00,,
FVJN,2023-03-23 12:00,BKN,,,4500.00,,
FVJN,2023-03-23 13:00,BKN,,,4500.00,,
FVJN,2023-03-23 14:00,SCT,,,4500.00,,
FVJN,2023-03-23 15:00,FEW,,,4500.00,,
FVJN,2023-03-23 16:00,FEW,,,4500.00,,
FVJN,2023-03-23 17:00,FEW,,,4500.00,,
FVJN,2023-03-24 03:00,BKN,,,800.00,,
FVJN,2023-03-24 04:00,BKN,,,1500.00,,
FVJN,2023-03-24 05:00,SCT,BKN,,1500.00,9000.00,
FVJN,2023-03-24 06:00,SCT,BKN,,1500.00,9000.00,
FVJN,2023-03-24 09:00,SCT,,,3500.00,,
FVJN,2023-03-24 10:00,BKN,,,3500.00,,
FVJN,2023-03-24 11:00,BKN,,,4000.00,,
FVJN,2023-03-24 12:00,SCT,,,4500.00,,
FVJN,2023-03-24 13:00,SCT,,,4500.00,,
FVJN,2023-03-24 14:00,FEW,,,4500.00,,
FVJN,2023-03-24 15:00,,,,,,
FVJN,2023-03-24 16:00,,,,,,
FVJN,2023-03-25 03:00,,,,,,
FVJN,2023-03-25 04:00,FEW,,,800.00,,
FVJN,2023-03-25 06:00,FEW,,,1500.00,,
FVJN,2023-03-25 07:00,FEW,,,2500.00,,
FVJN,2023-03-25 08:00,FEW,,,3000.00,,
FVJN,2023-03-25 09:00,FEW,,,4000.00,,
FVJN,2023-03-25 10:00,,,,,,
FVJN,2023-03-25 12:00,,,,,,
FVJN,2023-03-25 13:00,,,,,,
FVJN,2023-03-25 14:00,,,,,,
FVJN,2023-03-25 15:00,,,,,,
FVJN,2023-03-25 16:00,,,,,,
FVJN,2023-03-26 04:00,,,,,,
FVJN,2023-03-26 05:00,,,,,,
FVJN,2023-03-26 06:00,,,,,,
FVJN,2023-03-26 07:00,FEW,,,2500.00,,
FVJN,2023-03-26 08:00,FEW,,,3500.00,,
FVJN,2023-03-26 09:00,FEW,,,4000.00,,
FVJN,2023-03-26 10:00,,,,,,
FVJN,2023-03-26 11:00,,,,,,
FVJN,2023-03-26 12:00,,,,,,
FVJN,2023-03-26 13:00,,,,,,
FVJN,2023-03-26 15:00,,,,,,
FVJN,2023-03-26 16:00,,,,,,
FVJN,2023-03-27 03:00,,,,,,
FVJN,2023-03-27 04:00,,,,,,
FVJN,2023-03-27 05:00,,,,,,
FVJN,2023-03-27 06:00,,,,,,
FVJN,2023-03-27 07:00,FEW,,,4000.00,,
FVJN,2023-03-27 08:00,BKN,,,4000.00,,
FVJN,2023-03-27 09:00,BKN,,,4500.00,,
FVJN,2023-03-27 11:00,SCT,,,4500.00,,
FVJN,2023-03-27 12:00,FEW,BKN,,4000.00,9000.00,
FVJN,2023-03-27 15:00,BKN,,,2000.00,,
FVJN,2023-03-28 03:00,OVC,,,800.00,,
FVJN,2023-03-28 04:00,OVC,,,800.00,,
FVJN,2023-03-28 06:00,OVC,,,600.00,,
FVJN,2023-03-28 07:00,OVC,,,1000.00,,
FVJN,2023-03-28 08:00,BKN,,,1800.00,,
FVJN,2023-03-28 09:00,BKN,,,2000.00,,
FVJN,2023-03-28 11:00,OVC,,,1600.00,,
FVJN,2023-03-29 03:00,,,,,,
FVJN,2023-03-29 06:00,,,,,,
FVJN,2023-03-29 08:00,SCT,,,3000.00,,
FVJN,2023-03-29 09:00,SCT,,,4000.00,,
FVJN,2023-03-29 11:00,SCT,,,4500.00,,
FVJN,2023-03-29 12:00,SCT,BKN,,5000.00,9000.00,
FVJN,2023-03-30 06:00,,,,,,
FVJN,2023-03-30 08:00,FEW,BKN,,2000.00,10000.00,
FVJN,2023-03-30 09:00,FEW,SCT,,3000.00,10000.00,
FVJN,2023-03-30 10:00,FEW,,,4000.00,,
FVJN,2023-03-30 12:00,FEW,BKN,,4000.00,4500.00,
FVJN,2023-03-30 13:00,FEW,SCT,,4000.00,4500.00,
FVJN,2023-03-30 14:00,FEW,SCT,BKN,4000.00,4500.00,30000.00
FVJN,2023-03-30 15:00,FEW,BKN,,4000.00,30000.00,
FVJN,2023-03-30 16:00,FEW,BKN,,4000.00,30000.00,
FVJN,2023-03-30 17:00,FEW,BKN,,4000.00,30000.00,
FVJN,2023-03-31 03:00,,,,,,
FVJN,2023-03-31 04:00,,,,,,
FVJN,2023-03-31 05:00,,,,,,
FVJN,2023-03-31 06:00,,,,,,
FVJN,2023-03-31 07:00,,,,,,
FVJN,2023-03-31 08:00,FEW,,,4000.00,,
FVJN,2023-03-31 09:00,SCT,,,4500.00,,
FVJN,2023-03-31 11:00,FEW,BKN,,4000.00,4500.00,
FVJN,2023-03-31 12:00,FEW,BKN,,4000.00,8000.00,
FVJN,2023-03-31 13:00,FEW,BKN,,4000.00,8000.00,
FVJN,2023-03-31 15:00,FEW,OVC,,3500.00,8000.00,
FVJN,2023-04-01 03:00,,,,,,
FVJN,2023-04-01 04:00,,,,,,
FVJN,2023-04-01 05:00,,,,,,
FVJN,2023-04-01 06:00,,,,,,
FVJN,2023-04-01 07:00,,,,,,
FVJN,2023-04-01 09:00,SCT,,,3000.00,,
FVJN,2023-04-01 10:00,BKN,,,3500.00,,
FVJN,2023-04-01 11:00,BKN,,,4000.00,,
FVJN,2023-04-01 12:00,BKN,,,4500.00,,
FVJN,2023-04-01 13:00,SCT,,,4500.00,,
FVJN,2023-04-01 15:00,FEW,SCT,,4500.00,10000.00,
FVJN,2023-04-01 16:00,FEW,SCT,,4500.00,10000.00,
FVJN,2023-04-02 03:00,,,,,,
FVJN,2023-04-02 04:00,,,,,,
FVJN,2023-04-02 06:00,,,,,,
FVJN,2023-04-02 07:00,FEW,,,2000.00,,
FVJN,2023-04-02 08:00,FEW,,,4000.00,,
FVJN,2023-04-02 09:00,FEW,,,4500.00,,
FVJN,2023-04-02 10:00,,,,,,
FVJN,2023-04-02 11:00,,,,,,
FVJN,2023-04-02 12:00,,,,,,
FVJN,2023-04-02 13:00,,,,,,
FVJN,2023-04-02 14:00,,,,,,
FVJN,2023-04-02 15:00,,,,,,
FVJN,2023-04-02 16:00,,,,,,
FVJN,2023-04-03 03:00,,,,,,
FVJN,2023-04-03 04:00,,,,,,
FVJN,2023-04-03 05:00,,,,,,
FVJN,2023-04-03 06:00,,,,,,
FVJN,2023-04-03 07:00,,,,,,
FVJN,2023-04-03 08:00,FEW,,,4000.00,,
FVJN,2023-04-03 09:00,SCT,,,4500.00,,
FVJN,2023-04-03 10:00,,,,,,
FVJN,2023-04-03 11:00,,,,,,
FVJN,2023-04-03 12:00,,,,,,
FVJN,2023-04-03 13:00,,,,,,
FVJN,2023-04-03 14:00,,,,,,
FVJN,2023-04-03 15:00,,,,,,
FVJN,2023-04-03 16:00,,,,,,
FVJN,2023-04-04 04:00,,,,,,
FVJN,2023-04-04 05:00,,,,,,
FVJN,2023-04-04 06:00,,,,,,
FVJN,2023-04-04 07:00,,,,,,
FVJN,2023-04-04 08:00,,,,,,
FVJN,2023-04-04 09:00,,,,,,
FVJN,2023-04-04 10:00,,,,,,
FVJN,2023-04-04 12:00,,,,,,
FVJN,2023-04-04 14:00,,,,,,
FVJN,2023-04-04 15:00,,,,,,
FVJN,2023-04-05 03:00,,,,,,
FVJN,2023-04-05 04:00,OVC,,,800.00,,
FVJN,2023-04-05 05:00,BKN,,,1000.00,,
FVJN,2023-04-05 06:00,SCT,,,1500.00,,
FVJN,2023-04-05 07:00,BKN,,,1800.00,,
FVJN,2023-04-05 08:00,SCT,,,2500.00,,
FVJN,2023-04-05 09:00,SCT,,,3000.00,,
FVJN,2023-04-05 10:00,SCT,,,4500.00,,
FVJN,2023-04-05 11:00,SCT,,,4500.00,,
FVJN,2023-04-05 12:00,SCT,,,4500.00,,
FVJN,2023-04-05 13:00,SCT,,,4500.00,,
FVJN,2023-04-05 14:00,SCT,,,4500.00,,
FVJN,2023-04-05 15:00,SCT,,,4500.00,,
FVJN,2023-04-05 16:00,FEW,,,4500.00,,
FVJN,2023-04-06 04:00,BKN,,,800.00,,
FVJN,2023-04-06 07:00,SCT,,,2000.00,,
FVJN,2023-04-06 08:00,FEW,,,3500.00,,
FVJN,2023-04-06 09:00,FEW,,,4500.00,,
FVJN,2023-04-06 10:00,,,,,,
FVJN,2023-04-06 14:00,,,,,,
FVJN,2023-04-06 15:00,,,,,,
FVJN,2023-04-06 16:00,,,,,,
FVJN,2023-04-07 03:00,,,,,,
FVJN,2023-04-07 04:00,,,,,,
FVJN,2023-04-07 05:00,,,,,,
FVJN,2023-04-07 06:00,,,,,,
FVJN,2023-04-07 07:00,,,,,,
FVJN,2023-04-07 08:00,,,,,,
FVJN,2023-04-07 09:00,,,,,,
FVJN,2023-04-07 11:00,,,,,,
FVJN,2023-04-07 12:00,,,,,,
FVJN,2023-04-07 13:00,,,,,,
FVJN,2023-04-07 14:00,,,,,,
FVJN,2023-04-07 15:00,,,,,,
FVJN,2023-04-07 16:00,,,,,,
FVJN,2023-04-08 03:00,,,,,,
FVJN,2023-04-08 04:00,,,,,,
FVJN,2023-04-08 05:00,,,,,,
FVJN,2023-04-08 06:00,,,,,,
FVJN,2023-04-08 07:00,,,,,,
FVJN,2023-04-08 08:00,,,,,,
FVJN,2023-04-08 09:00,,,,,,
FVJN,2023-04-08 10:00,,,,,,
FVJN,2023-04-08 11:00,,,,,,
FVJN,2023-04-08 12:00,,,,,,
FVJN,2023-04-08 13:00,,,,,,
FVJN,2023-04-08 14:00,,,,,,
FVJN,2023-04-08 15:00,,,,,,
FVJN,2023-04-08 16:00,,,,,,
FVJN,2023-04-09 04:00,,,,,,
FVJN,2023-04-09 05:00,,,,,,
FVJN,2023-04-09 06:00,,,,,,
FVJN,2023-04-09 07:00,,,,,,
FVJN,2023-04-09 09:00,,,,,,
FVJN,2023-04-09 10:00,,,,,,
FVJN,2023-04-09 11:00,,,,,,
FVJN,2023-04-09 12:00,,,,,,
FVJN,2023-04-09 13:00,,,,,,
FVJN,2023-04-09 14:00,,,,,,
FVJN,2023-04-09 15:00,,,,,,
FVJN,2023-04-09 16:00,,,,,,
FVJN,2023-04-10 03:00,,,,,,
FVJN,2023-04-10 04:00,,,,,,
FVJN,2023-04-10 05:00,,,,,,
FVJN,2023-04-10 06:00,,,,,,
FVJN,2023-04-10 07:00,,,,,,
FVJN,2023-04-10 09:00,,,,,,
FVJN,2023-04-10 10:00,,,,,,
FVJN,2023-04-10 12:00,,,,,,
FVJN,2023-04-10 13:00,,,,,,
FVJN,2023-04-10 14:00,FEW,SCT,,7000.00,30000.00,
FVJN,2023-04-10 15:00,FEW,,,6500.00,,
FVJN,2023-04-11 03:00,FEW,OVC,,1000.00,7000.00,
FVJN,2023-04-11 04:00,FEW,OVC,,1000.00,7000.00,
FVJN,2023-04-11 06:00,FEW,OVC,,1800.00,7000.00,
FVJN,2023-04-11 07:00,FEW,OVC,,2000.00,8000.00,
FVJN,2023-04-11 08:00,FEW,OVC,,2000.00,8000.00,
FVJN,2023-04-11 09:00,FEW,OVC,,2500.00,8000.00,
FVJN,2023-04-11 10:00,FEW,OVC,,2500.00,8000.00,
FVJN,2023-04-11 11:00,FEW,BKN,,3000.00,8000.00,
FVJN,2023-04-11 13:00,FEW,SCT,,4000.00,30000.00,
FVJN,2023-04-11 14:00,,,,,,
FVJN,2023-04-11 15:00,,,,,,
FVJN,2023-04-11 16:00,,,,,,
FVJN,2023-04-12 03:00,SCT,,,500.00,,
FVJN,2023-04-12 04:00,BKN,,,600.00,,
FVJN,2023-04-12 06:00,SCT,,,1000.00,,
FVJN,2023-04-12 07:00,FEW,,,1500.00,,
FVJN,2023-04-12 08:00,SCT,,,2000.00,,
FVJN,2023-04-12 09:00,BKN,,,3000.00,,
FVJN,2023-04-12 10:00,SCT,,,4000.00,,
FVJN,2023-04-12 11:00,SCT,,,4000.00,,
FVJN,2023-04-12 12:00,SCT,,,4500.00,,
FVJN,2023-04-12 13:00,,,,,,
FVJN,2023-04-12 14:00,,,,,,
FVJN,2023-04-12 16:00,,,,,,
FVJN,2023-04-13 04:00,,,,,,
FVJN,2023-04-13 05:00,,,,,,
FVJN,2023-04-13 06:00,,,,,,
FVJN,2023-04-13 07:00,,,,,,
FVJN,2023-04-13 08:00,,,,,,
FVJN,2023-04-13 09:00,,,,,,
FVJN,2023-04-13 10:00,,,,,,
FVJN,2023-04-13 11:00,,,,,,
FVJN,2023-04-13 12:00,,,,,,
FVJN,2023-04-13 13:00,,,,,,
FVJN,2023-04-13 14:00,,,,,,
FVJN,2023-04-13 15:00,,,,,,
FVJN,2023-04-13 16:00,,,,,,
FVJN,2023-04-14 03:00,,,,,,
FVJN,2023-04-14 06:00,,,,,,
FVJN,2023-04-14 07:00,,,,,,
FVJN,2023-04-14 08:00,,,,,,
FVJN,2023-04-14 09:00,,,,,,
FVJN,2023-04-14 10:00,,,,,,
FVJN,2023-04-14 11:00,,,,,,
FVJN,2023-04-14 12:00,,,,,,
FVJN,2023-04-14 13:00,,,,,,
FVJN,2023-04-14 14:00,,,,,,
FVJN,2023-04-14 15:00,,,,,,
FVJN,2023-04-14 16:00,,,,,,
FVJN,2023-04-15 03:00,,,,,,
FVJN,2023-04-15 04:00,,,,,,
FVJN,2023-04-15 05:00,,,,,,
FVJN,2023-04-15 06:00,FEW,,,1800.00,,
FVJN,2023-04-15 07:00,FEW,,,2000.00,,
FVJN,2023-04-15 08:00,SCT,,,2500.00,,
FVJN,2023-04-15 09:00,FEW,,,3500.00,,
FVJN,2023-04-15 10:00,FEW,,,4500.00,,
FVJN,2023-04-15 11:00,SCT,,,4500.00,,
FVJN,2023-04-15 12:00,,,,,,
FVJN,2023-04-15 13:00,,,,,,
FVJN,2023-04-15 14:00,,,,,,
FVJN,2023-04-15 16:00,FEW,,,1500.00,,
FVJN,2023-04-16 03:00,BKN,,,600.00,,
FVJN,2023-04-16 04:00,OVC,,,600.00,,
FVJN,2023-04-16 08:00,BKN,,,1600.00,,
FVJN,2023-04-16 09:00,BKN,,,2000.00,,
FVJN,2023-04-16 10:00,BKN,,,2500.00,,
FVJN,2023-04-16 11:00,BKN,,,3000.00,,
FVJN,2023-04-16 12:00,BKN,,,3500.00,,
FVJN,2023-04-16 13:00,BKN,,,2000.00,,
FVJN,2023-04-16 14:00,BKN,,,2000.00,,
FVJN,2023-04-16 15:00,BKN,,,2000.00,,
FVJN,2023-04-16 16:00,FEW,,,2000.00,,
FVJN,2023-04-17 03:00,BKN,,,800.00,,
FVJN,2023-04-17 04:00,FEW,,,1000.00,,
FVJN,2023-04-17 06:00,,,,,,
FVJN,2023-04-17 07:00,,,,,,
FVJN,2023-04-17 08:00,FEW,,,3500.00,,
FVJN,2023-04-17 09:00,SCT,,,4000.00,,
FVJN,2023-04-17 10:00,,,,,,
FVJN,2023-04-17 11:00,,,,,,
FVJN,2023-04-17 12:00,,,,,,
FVJN,2023-04-17 13:00,,,,,,
FVJN,2023-04-17 15:00,,,,,,
FVJN,2023-04-17 16:00,,,,,,
FVJN,2023-04-18 03:00,,,,,,
FVJN,2023-04-18 04:00,,,,,,
FVJN,2023-04-18 05:00,,,,,,
FVJN,2023-04-18 06:00,,,,,,
FVJN,2023-04-18 07:00,,,,,,
FVJN,2023-04-18 08:00,,,,,,
FVJN,2023-04-18 09:00,,,,,,
FVJN,2023-04-18 10:00,,,,,,
FVJN,2023-04-18 12:00,,,,,,
FVJN,2023-04-18 13:00,,,,,,
FVJN,2023-04-18 14:00,,,,,,
FVJN,2023-04-18 15:00,,,,,,
FVJN,2023-04-18 16:00,,,,,,
FVJN,2023-04-19 03:00,,,,,,
FVJN,2023-04-19 04:00,,,,,,
FVJN,2023-04-19 05:00,,,,,,
FVJN,2023-04-19 06:00,,,,,,
FVJN,2023-04-19 08:00,,,,,,
FVJN,2023-04-19 09:00,FEW,,,4500.00,,
FVJN,2023-04-19 10:00,,,,,,
FVJN,2023-04-19 11:00,,,,,,
FVJN,2023-04-19 13:00,,,,,,
FVJN,2023-04-20 03:00,,,,,,
FVJN,2023-04-20 04:00,,,,,,
FVJN,2023-04-20 05:00,,,,,,
FVJN,2023-04-20 06:00,,,,,,
FVJN,2023-04-20 07:00,,,,,,
FVJN,2023-04-20 08:00,FEW,,,2000.00,,
FVJN,2023-04-20 09:00,,,,,,
FVJN,2023-04-20 10:00,,,,,,
FVJN,2023-04-20 13:00,,,,,,
FVJN,2023-04-20 15:00,,,,,,
FVJN,2023-04-20 16:00,,,,,,
FVJN,2023-04-21 05:00,,,,,,
FVJN,2023-04-21 06:00,,,,,,
FVJN,2023-04-21 07:00,,,,,,
FVJN,2023-04-21 08:00,,,,,,
FVJN,2023-04-21 09:00,,,,,,
FVJN,2023-04-21 10:00,,,,,,
FVJN,2023-04-21 11:00,,,,,,
FVJN,2023-04-21 12:00,,,,,,
FVJN,2023-04-21 13:00,,,,,,
FVJN,2023-04-21 14:00,,,,,,
FVJN,2023-04-21 15:00,,,,,,
FVJN,2023-04-21 16:00,,,,,,
FVJN,2023-04-22 03:00,,,,,,
FVJN,2023-04-22 04:00,,,,,,
FVJN,2023-04-22 05:00,,,,,,
FVJN,2023-04-22 06:00,,,,,,
FVJN,2023-04-22 07:00,,,,,,
FVJN,2023-04-22 08:00,,,,,,
FVJN,2023-04-22 10:00,,,,,,
FVJN,2023-04-22 11:00,,,,,,
FVJN,2023-04-22 12:00,,,,,,
FVJN,2023-04-22 13:00,,,,,,
FVJN,2023-04-22 15:00,,,,,,
FVJN,2023-04-22 16:00,,,,,,
FVJN,2023-04-23 04:00,,,,,,
FVJN,2023-04-23 06:00,,,,,,
FVJN,2023-04-23 07:00,,,,,,
FVJN,2023-04-23 08:00,,,,,,
FVJN,2023-04-23 09:00,,,,,,
FVJN,2023-04-23 10:00,,,,,,
FVJN,2023-04-23 11:00,,,,,,
FVJN,2023-04-23 12:00,,,,,,
FVJN,2023-04-23 13:00,,,,,,
FVJN,2023-04-23 15:00,,,,,,
FVJN,2023-04-23 16:00,,,,,,
FVJN,2023-04-24 03:00,,,,,,
FVJN,2023-04-24 05:00,,,,,,
FVJN,2023-04-24 06:00,,,,,,
FVJN,2023-04-24 07:00,,,,,,
FVJN,2023-04-24 09:00,,,,,,
FVJN,2023-04-24 10:00,,,,,,
FVJN,2023-04-24 11:00,,,,,,
FVJN,2023-04-24 12:00,,,,,,
FVJN,2023-04-24 13:00,,,,,,
FVJN,2023-04-24 14:00,,,,,,
FVJN,2023-04-24 15:00,,,,,,
FVJN,2023-04-25 03:00,,,,,,
FVJN,2023-04-25 04:00,,,,,,
FVJN,2023-04-25 05:00,,,,,,
FVJN,2023-04-25 06:00,,,,,,
FVJN,2023-04-25 07:00,,,,,,
FVJN,2023-04-25 08:00,,,,,,
FVJN,2023-04-25 09:00,,,,,,
FVJN,2023-04-25 10:00,,,,,,
FVJN,2023-04-25 12:00,,,,,,
FVJN,2023-04-25 13:00,,,,,,
FVJN,2023-04-25 14:00,,,,,,
FVJN,2023-04-25 15:00,,,,,,
FVJN,2023-04-25 16:00,,,,,,
FVJN,2023-04-26 03:00,,,,,,
FVJN,2023-04-26 04:00,,,,,,
FVJN,2023-04-26 06:00,,,,,,
FVJN,2023-04-26 07:00,,,,,,
FVJN,2023-04-26 08:00,,,,,,
FVJN,2023-04-26 09:00,,,,,,
FVJN,2023-04-26 10:00,,,,,,
FVJN,2023-04-26 15:00,,,,,,
FVJN,2023-04-26 16:00,,,,,,
FVJN,2023-04-26 17:00,,,,,,
FVJN,2023-04-27 03:00,,,,,,
FVJN,2023-04-27 04:00,,,,,,
FVJN,2023-04-27 05:00,,,,,,
FVJN,2023-04-27 06:00,,,,,,
FVJN,2023-04-27 08:00,,,,,,
FVJN,2023-04-27 09:00,,,,,,
FVJN,2023-04-27 10:00,,,,,,
FVJN,2023-04-27 12:00,,,,,,
FVJN,2023-04-27 14:00,,,,,,
FVJN,2023-04-27 15:00,,,,,,
FVJN,2023-04-27 16:00,,,,,,
FVJN,2023-04-27 17:00,,,,,,
FVJN,2023-04-28 04:00,,,,,,
FVJN,2023-04-28 05:00,,,,,,
FVJN,2023-04-28 06:00,,,,,,
FVJN,2023-04-28 07:00,,,,,,
FVJN,2023-04-28 08:00,,,,,,
FVJN,2023-04-28 09:00,,,,,,
FVJN,2023-04-28 11:00,,,,,,
FVJN,2023-04-28 12:00,,,,,,
FVJN,2023-04-28 13:00,,,,,,
FVJN,2023-04-28 15:00,,,,,,
FVJN,2023-04-28 16:00,,,,,,
FVJN,2023-04-29 04:00,,,,,,
FVJN,2023-04-29 05:00,,,,,,
FVJN,2023-04-29 06:00,,,,,,
FVJN,2023-04-29 07:00,,,,,,
FVJN,2023-04-29 08:00,,,,,,
FVJN,2023-04-29 10:00,,,,,,
FVJN,2023-04-29 11:00,,,,,,
FVJN,2023-04-29 12:00,,,,,,
FVJN,2023-04-29 13:00,,,,,,
FVJN,2023-04-29 16:00,,,,,,
FVJN,2023-04-30 03:00,,,,,,
FVJN,2023-04-30 04:00,,,,,,
FVJN,2023-04-30 05:00,,,,,,
FVJN,2023-04-30 06:00,,,,,,
FVJN,2023-04-30 07:00,,,,,,
FVJN,2023-04-30 08:00,,,,,,
FVJN,2023-04-30 09:00,,,,,,
FVJN,2023-04-30 10:00,,,,,,
FVJN,2023-04-30 12:00,,,,,,
FVJN,2023-04-30 13:00,,,,,,
FVJN,2023-04-30 15:00,,,,,,
FVJN,2023-04-30 16:00,,,,,,
FVJN,2023-05-01 03:00,,,,,,
FVJN,2023-05-01 04:00,FEW,,,800.00,,
FVJN,2023-05-01 05:00,FEW,,,800.00,,
FVJN,2023-05-01 08:00,BKN,,,2000.00,,
FVJN,2023-05-01 09:00,FEW,,,3800.00,,
FVJN,2023-05-01 10:00,FEW,,,4700.00,,
FVJN,2023-05-01 11:00,,,,,,
FVJN,2023-05-01 12:00,,,,,,
FVJN,2023-05-01 13:00,,,,,,
FVJN,2023-05-01 14:00,,,,,,
FVJN,2023-05-01 15:00,,,,,,
FVJN,2023-05-01 16:00,,,,,,
FVJN,2023-05-02 04:00,,,,,,
FVJN,2023-05-02 05:00,,,,,,
FVJN,2023-05-02 06:00,,,,,,
FVJN,2023-05-02 07:00,,,,,,
FVJN,2023-05-02 08:00,,,,,,
FVJN,2023-05-02 09:00,,,,,,
FVJN,2023-05-02 10:00,,,,,,
FVJN,2023-05-02 11:00,,,,,,
FVJN,2023-05-02 12:00,,,,,,
FVJN,2023-05-02 13:00,,,,,,
FVJN,2023-05-02 14:00,,,,,,
FVJN,2023-05-02 15:00,,,,,,
FVJN,2023-05-02 16:00,,,,,,
FVJN,2023-05-03 03:00,,,,,,
FVJN,2023-05-03 04:00,,,,,,
FVJN,2023-05-03 05:00,,,,,,
FVJN,2023-05-03 06:00,,,,,,
FVJN,2023-05-03 08:00,,,,,,
FVJN,2023-05-03 09:00,,,,,,
FVJN,2023-05-03 10:00,,,,,,
FVJN,2023-05-03 11:00,,,,,,
FVJN,2023-05-03 12:00,,,,,,
FVJN,2023-05-03 13:00,,,,,,
FVJN,2023-05-04 03:00,,,,,,
FVJN,2023-05-04 04:00,,,,,,
FVJN,2023-05-04 05:00,,,,,,
FVJN,2023-05-04 06:00,FEW,,,1200.00,,
FVJN,2023-05-04 07:00,,,,,,
FVJN,2023-05-04 08:00,,,,,,
FVJN,2023-05-04 09:00,,,,,,
FVJN,2023-05-04 10:00,,,,,,
FVJN,2023-05-04 11:00,,,,,,
FVJN,2023-05-04 12:00,,,,,,
FVJN,2023-05-04 13:00,,,,,,
FVJN,2023-05-04 14:00,,,,,,
FVJN,2023-05-04 15:00,,,,,,
FVJN,2023-05-04 16:00,,,,,,
FVJN,2023-05-04 17:00,,,,,,
FVJN,2023-05-04 18:00,,,,,,
FVJN,2023-05-04 19:00,,,,,,
FVJN,2023-05-05 04:00,,,,,,
FVJN,2023-05-05 05:00,,,,,,
FVJN,2023-05-05 06:00,,,,,,
FVJN,2023-05-05 07:00,,,,,,
FVJN,2023-05-05 09:00,,,,,,
FVJN,2023-05-05 10:00,,,,,,
FVJN,2023-05-05 11:00,,,,,,
FVJN,2023-05-05 12:00,,,,,,
FVJN,2023-05-05 13:00,,,,,,
FVJN,2023-05-05 14:00,,,,,,
FVJN,2023-05-05 15:00,,,,,,
FVJN,2023-05-05 16:00,,,,,,
FVJN,2023-05-05 17:00,,,,,,
FVJN,2023-05-06 03:00,,,,,,
FVJN,2023-05-06 04:00,,,,,,
FVJN,2023-05-06 05:00,,,,,,
FVJN,2023-05-06 06:00,,,,,,
FVJN,2023-05-06 07:00,,,,,,
FVJN,2023-05-06 08:00,,,,,,
FVJN,2023-05-06 09:00,,,,,,
FVJN,2023-05-06 10:00,,,,,,
FVJN,2023-05-06 11:00,,,,,,
FVJN,2023-05-06 12:00,,,,,,
FVJN,2023-05-06 13:00,,,,,,
FVJN,2023-05-06 14:00,,,,,,
FVJN,2023-05-06 15:00,,,,,,
FVJN,2023-05-06 16:00,,,,,,
FVJN,2023-05-07 03:00,,,,,,
FVJN,2023-05-07 04:00,,,,,,
FVJN,2023-05-07 05:00,,,,,,
FVJN,2023-05-07 06:00,,,,,,
FVJN,2023-05-07 07:00,,,,,,
FVJN,2023-05-07 08:00,,,,,,
FVJN,2023-05-07 09:00,,,,,,
FVJN,2023-05-07 10:00,,,,,,
FVJN,2023-05-07 11:00,,,,,,
FVJN,2023-05-07 12:00,,,,,,
FVJN,2023-05-07 13:00,,,,,,
FVJN,2023-05-07 14:00,,,,,,
FVJN,2023-05-07 15:00,,,,,,
FVJN,2023-05-07 16:00,,,,,,
FVJN,2023-05-08 03:00,,,,,,
FVJN,2023-05-08 04:00,,,,,,
FVJN,2023-05-08 05:00,,,,,,
FVJN,2023-05-08 06:00,,,,,,
FVJN,2023-05-08 07:00,,,,,,
FVJN,2023-05-08 09:00,,,,,,
FVJN,2023-05-08 10:00,,,,,,
FVJN,2023-05-08 11:00,,,,,,
FVJN,2023-05-08 12:00,,,,,,
FVJN,2023-05-08 13:00,,,,,,
FVJN,2023-05-08 14:00,,,,,,
FVJN,2023-05-08 15:00,,,,,,
FVJN,2023-05-08 16:00,,,,,,
FVJN,2023-05-08 17:00,,,,,,
FVJN,2023-05-08 18:00,,,,,,
FVJN,2023-05-08 19:00,,,,,,
FVJN,2023-05-09 04:00,,,,,,
FVJN,2023-05-09 05:00,,,,,,
FVJN,2023-05-09 06:00,,,,,,
FVJN,2023-05-09 07:00,,,,,,
FVJN,2023-05-09 08:00,,,,,,
FVJN,2023-05-09 09:00,,,,,,
FVJN,2023-05-09 10:00,,,,,,
FVJN,2023-05-09 11:00,,,,,,
FVJN,2023-05-09 12:00,,,,,,
FVJN,2023-05-09 13:00,,,,,,
FVJN,2023-05-09 15:00,,,,,,
FVJN,2023-05-09 16:00,,,,,,
FVJN,2023-05-09 17:00,,,,,,
FVJN,2023-05-09 18:00,,,,,,
FVJN,2023-05-09 19:00,,,,,,
FVJN,2023-05-10 03:00,SCT,,,800.00,,
FVJN,2023-05-10 04:00,,,,,,
FVJN,2023-05-10 05:00,,,,,,
FVJN,2023-05-10 06:00,,,,,,
FVJN,2023-05-10 07:00,,,,,,
FVJN,2023-05-10 08:00,,,,,,
FVJN,2023-05-10 09:00,,,,,,
FVJN,2023-05-10 10:00,,,,,,
FVJN,2023-05-10 11:00,,,,,,
FVJN,2023-05-10 12:00,,,,,,
FVJN,2023-05-10 13:00,,,,,,
FVJN,2023-05-10 15:00,,,,,,
FVJN,2023-05-10 16:00,,,,,,
FVJN,2023-05-10 17:00,,,,,,
FVJN,2023-05-11 03:00,,,,,,
FVJN,2023-05-11 04:00,,,,,,
FVJN,2023-05-11 05:00,,,,,,
FVJN,2023-05-11 06:00,,,,,,
FVJN,2023-05-11 07:00,,,,,,
FVJN,2023-05-11 08:00,,,,,,
FVJN,2023-05-11 09:00,,,,,,
FVJN,2023-05-11 10:00,,,,,,
FVJN,2023-05-11 11:00,,,,,,
FVJN,2023-05-11 13:00,,,,,,
FVJN,2023-05-11 14:00,,,,,,
FVJN,2023-05-11 15:00,,,,,,
FVJN,2023-05-12 03:00,,,,,,
FVJN,2023-05-12 04:00,,,,,,
FVJN,2023-05-12 05:00,,,,,,
FVJN,2023-05-12 06:00,,,,,,
FVJN,2023-05-12 10:00,,,,,,
FVJN,2023-05-12 11:00,,,,,,
FVJN,2023-05-12 12:00,,,,,,
FVJN,2023-05-12 13:00,,,,,,
FVJN,2023-05-12 14:00,,,,,,
FVJN,2023-05-12 15:00,,,,,,
FVJN,2023-05-12 16:00,,,,,,
FVJN,2023-05-13 03:00,,,,,,
FVJN,2023-05-13 04:00,,,,,,
FVJN,2023-05-13 05:00,,,,,,
FVJN,2023-05-13 06:00,,,,,,
FVJN,2023-05-13 07:00,,,,,,
FVJN,2023-05-13 08:00,,,,,,
FVJN,2023-05-13 10:00,,,,,,
FVJN,2023-05-13 12:00,,,,,,
FVJN,2023-05-14 04:00,,,,,,
FVJN,2023-05-14 05:00,,,,,,
FVJN,2023-05-14 07:00,,,,,,
FVJN,2023-05-14 08:00,,,,,,
FVJN,2023-05-14 09:00,,,,,,
FVJN,2023-05-14 10:00,,,,,,
FVJN,2023-05-14 11:00,,,,,,
FVJN,2023-05-14 12:00,,,,,,
FVJN,2023-05-14 13:00,,,,,,
FVJN,2023-05-14 14:00,,,,,,
FVJN,2023-05-14 15:00,,,,,,
FVJN,2023-05-15 03:00,,,,,,
FVJN,2023-05-15 04:00,,,,,,
FVJN,2023-05-15 05:00,,,,,,
FVJN,2023-05-15 06:00,,,,,,
FVJN,2023-05-15 07:00,,,,,,
FVJN,2023-05-15 08:00,,,,,,
FVJN,2023-05-15 09:00,,,,,,
FVJN,2023-05-15 10:00,,,,,,
FVJN,2023-05-15 12:00,,,,,,
FVJN,2023-05-15 13:00,,,,,,
FVJN,2023-05-15 15:00,,,,,,
FVJN,2023-05-15 18:00,,,,,,
FVJN,2023-05-15 19:00,,,,,,
FVJN,2023-05-16 03:00,,,,,,
FVJN,2023-05-16 04:00,,,,,,
FVJN,2023-05-16 05:00,,,,,,
FVJN,2023-05-16 06:00,FEW,,,1800.00,,
FVJN,2023-05-16 07:00,FEW,,,2500.00,,
FVJN,2023-05-16 08:00,,,,,,
FVJN,2023-05-16 09:00,,,,,,
FVJN,2023-05-16 10:00,,,,,,
FVJN,2023-05-16 11:00,,,,,,
FVJN,2023-05-16 12:00,,,,,,
FVJN,2023-05-16 13:00,,,,,,
FVJN,2023-05-16 14:00,,,,,,
FVJN,2023-05-16 15:00,,,,,,
FVJN,2023-05-16 16:00,FEW,,,5000.00,,
FVJN,2023-05-17 03:00,,,,,,
FVJN,2023-05-17 04:00,,,,,,
FVJN,2023-05-17 05:00,,,,,,
FVJN,2023-05-17 06:00,,,,,,
FVJN,2023-05-17 07:00,,,,,,
FVJN,2023-05-17 08:00,,,,,,
FVJN,2023-05-17 09:00,,,,,,
FVJN,2023-05-17 10:00,,,,,,
FVJN,2023-05-17 11:00,,,,,,
FVJN,2023-05-17 13:00,,,,,,
FVJN,2023-05-17 14:00,,,,,,
FVJN,2023-05-17 15:00,FEW,,,7000.00,,
FVJN,2023-05-17 16:00,,,,,,
FVJN,2023-05-17 18:00,FEW,,,6000.00,,
FVJN,2023-05-18 03:00,,,,,,
FVJN,2023-05-18 04:00,FEW,,,1000.00,,
FVJN,2023-05-18 05:00,FEW,,,1000.00,,
FVJN,2023-05-18 07:00,BKN,,,2000.00,,
FVJN,2023-05-18 09:00,FEW,SCT,,3000.00,8000.00,
FVJN,2023-05-18 10:00,FEW,,,4500.00,,
FVJN,2023-05-18 11:00,,,,,,
FVJN,2023-05-18 12:00,,,,,,
FVJN,2023-05-18 13:00,,,,,,
FVJN,2023-05-18 18:00,,,,,,
FVJN,2023-05-18 22:00,,,,,,
FVJN,2023-05-19 00:00,,,,,,
FVJN,2023-05-19 03:00,,,,,,
FVJN,2023-05-19 05:00,,,,,,
FVJN,2023-05-19 06:00,,,,,,
FVJN,2023-05-19 08:00,,,,,,
FVJN,2023-05-19 09:00,,,,,,
FVJN,2023-05-19 10:00,,,,,,
FVJN,2023-05-19 11:00,,,,,,
FVJN,2023-05-19 12:00,,,,,,
FVJN,2023-05-19 13:00,,,,,,
FVJN,2023-05-19 15:00,,,,,,
FVJN,2023-05-19 16:00,,,,,,
FVJN,2023-05-20 03:00,,,,,,
FVJN,2023-05-20 04:00,,,,,,
FVJN,2023-05-20 05:00,,,,,,
FVJN,2023-05-20 06:00,,,,,,
FVJN,2023-05-20 07:00,,,,,,
FVJN,2023-05-20 08:00,,,,,,
FVJN,2023-05-20 09:00,,,,,,
FVJN,2023-05-20 11:00,,,,,,
FVJN,2023-05-20 12:00,,,,,,
FVJN,2023-05-20 13:00,,,,,,
FVJN,2023-05-20 14:00,,,,,,
FVJN,2023-05-20 15:00,,,,,,
FVJN,2023-05-20 16:00,,,,,,
FVJN,2023-05-21 03:00,,,,,,
FVJN,2023-05-21 04:00,,,,,,
FVJN,2023-05-21 05:00,,,,,,
FVJN,2023-05-21 06:00,,,,,,
FVJN,2023-05-21 07:00,,,,,,
FVJN,2023-05-21 08:00,,,,,,
FVJN,2023-05-21 09:00,,,,,,
FVJN,2023-05-21 10:00,,,,,,
FVJN,2023-05-21 11:00,,,,,,
FVJN,2023-05-21 12:00,,,,,,
FVJN,2023-05-21 13:00,,,,,,
FVJN,2023-05-21 14:00,,,,,,
FVJN,2023-05-21 15:00,,,,,,
FVJN,2023-05-22 03:00,,,,,,
FVJN,2023-05-22 04:00,,,,,,
FVJN,2023-05-22 06:00,,,,,,
FVJN,2023-05-22 07:00,,,,,,
FVJN,2023-05-22 08:00,,,,,,
FVJN,2023-05-22 09:00,,,,,,
FVJN,2023-05-22 10:00,,,,,,
FVJN,2023-05-22 11:00,,,,,,
FVJN,2023-05-22 12:00,,,,,,
FVJN,2023-05-22 15:00,,,,,,
FVJN,2023-05-23 03:00,,,,,,
FVJN,2023-05-23 04:00,,,,,,
FVJN,2023-05-23 05:00,,,,,,
FVJN,2023-05-23 06:00,,,,,,
FVJN,2023-05-23 07:00,,,,,,
FVJN,2023-05-23 08:00,,,,,,
FVJN,2023-05-23 12:00,,,,,,
FVJN,2023-05-23 14:00,,,,,,
FVJN,2023-05-25 04:00,,,,,,
FVJN,2023-05-25 06:00,,,,,,
FVJN,2023-05-25 08:00,,,,,,
FVJN,2023-05-25 09:00,,,,,,
FVJN,2023-05-25 11:00,,,,,,
FVJN,2023-05-25 12:00,,,,,,
FVJN,2023-05-25 13:00,,,,,,
FVJN,2023-05-25 14:00,,,,,,
FVJN,2023-05-25 15:00,,,,,,
FVJN,2023-05-25 16:00,,,,,,
FVJN,2023-05-26 03:00,,,,,,
FVJN,2023-05-26 04:00,,,,,,
FVJN,2023-05-26 05:00,,,,,,
FVJN,2023-05-26 06:00,,,,,,
FVJN,2023-05-26 07:00,,,,,,
FVJN,2023-05-26 08:00,,,,,,
FVJN,2023-05-26 09:00,,,,,,
FVJN,2023-05-26 10:00,,,,,,
FVJN,2023-05-26 11:00,,,,,,
FVJN,2023-05-26 12:00,,,,,,
FVJN,2023-05-26 13:00,,,,,,
FVJN,2023-05-26 14:00,,,,,,
FVJN,2023-05-26 15:00,,,,,,
FVJN,2023-05-26 16:00,,,,,,
FVJN,2023-05-27 03:00,,,,,,
FVJN,2023-05-27 05:00,,,,,,
FVJN,2023-05-27 06:00,,,,,,
FVJN,2023-05-27 07:00,,,,,,
FVJN,2023-05-27 08:00,,,,,,
FVJN,2023-05-27 09:00,,,,,,
FVJN,2023-05-28 06:00,,,,,,
FVJN,2023-05-28 07:00,,,,,,
FVJN,2023-05-28 08:00,,,,,,
FVJN,2023-05-28 09:00,,,,,,
FVJN,2023-05-28 10:00,,,,,,
FVJN,2023-05-28 12:00,,,,,,
FVJN,2023-05-28 14:00,,,,,,
FVJN,2023-05-28 15:00,,,,,,
FVJN,2023-05-29 03:00,,,,,,
FVJN,2023-05-29 04:00,,,,,,
FVJN,2023-05-29 05:00,,,,,,
FVJN,2023-05-29 06:00,,,,,,
FVJN,2023-05-29 07:00,,,,,,
FVJN,2023-05-29 08:00,,,,,,
FVJN,2023-05-29 09:00,,,,,,
FVJN,2023-06-16 07:00,,,,,,
FVJN,2023-06-16 08:00,,,,,,
FVJN,2023-06-16 09:00,,,,,,
FVJN,2023-06-16 10:00,,,,,,
FVJN,2023-06-16 11:00,,,,,,
FVJN,2023-06-16 12:00,,,,,,
FVJN,2023-06-16 13:00,,,,,,
FVJN,2023-06-16 14:00,,,,,,
FVJN,2023-06-16 15:00,,,,,,
FVJN,2023-06-16 16:00,,,,,,
FVJN,2023-06-17 03:00,,,,,,
FVJN,2023-06-17 04:00,,,,,,
FVJN,2023-06-17 05:00,,,,,,
FVJN,2023-06-17 06:00,,,,,,
FVJN,2023-06-17 07:00,,,,,,
FVJN,2023-06-17 08:00,,,,,,
FVJN,2023-06-17 09:00,,,,,,
FVJN,2023-06-17 10:00,,,,,,
FVJN,2023-06-17 11:00,,,,,,
FVJN,2023-06-17 12:00,,,,,,
FVJN,2023-06-17 13:00,,,,,,
FVJN,2023-06-17 14:00,,,,,,
FVJN,2023-06-17 15:00,,,,,,
FVJN,2023-06-18 04:00,,,,,,
FVJN,2023-06-18 06:00,,,,,,
FVJN,2023-06-18 07:00,,,,,,
FVJN,2023-06-18 08:00,,,,,,
FVJN,2023-06-18 09:00,,,,,,
FVJN,2023-06-18 11:00,,,,,,
FVJN,2023-06-18 12:00,,,,,,
FVJN,2023-06-18 13:00,,,,,,
FVJN,2023-06-18 14:00,,,,,,
FVJN,2023-06-18 15:00,,,,,,
FVJN,2023-06-18 16:00,,,,,,
FVJN,2023-06-19 03:00,,,,,,
FVJN,2023-06-19 04:00,,,,,,
FVJN,2023-06-19 05:00,,,,,,
FVJN,2023-06-19 06:00,,,,,,
FVJN,2023-06-19 07:00,,,,,,
FVJN,2023-06-19 08:00,,,,,,
FVJN,2023-06-19 09:00,,,,,,
FVJN,2023-06-19 10:00,,,,,,
FVJN,2023-06-19 11:00,,,,,,
FVJN,2023-06-19 12:00,,,,,,
FVJN,2023-06-19 13:00,,,,,,
FVJN,2023-06-19 14:00,,,,,,
FVJN,2023-06-19 15:00,,,,,,
FVJN,2023-06-19 16:00,,,,,,
FVJN,2023-06-20 03:00,,,,,,
FVJN,2023-06-20 04:00,,,,,,
FVJN,2023-06-20 05:00,,,,,,
FVJN,2023-06-20 06:00,,,,,,
FVJN,2023-06-20 07:00,,,,,,
FVJN,2023-06-20 08:00,,,,,,
FVJN,2023-06-20 09:00,,,,,,
FVJN,2023-06-20 10:00,,,,,,
FVJN,2023-06-20 11:00,,,,,,
FVJN,2023-06-20 12:00,,,,,,
FVJN,2023-06-20 15:00,,,,,,
FVJN,2023-06-21 03:00,,,,,,
FVJN,2023-06-21 04:00,,,,,,
FVJN,2023-06-21 05:00,,,,,,
FVJN,2023-06-21 06:00,,,,,,
FVJN,2023-06-21 07:00,,,,,,
FVJN,2023-06-21 08:00,,,,,,
FVJN,2023-06-21 09:00,,,,,,
FVJN,2023-06-21 10:00,,,,,,
FVJN,2023-06-21 12:00,,,,,,
FVJN,2023-06-21 13:00,,,,,,
FVJN,2023-06-21 14:00,,,,,,
FVJN,2023-06-21 16:00,,,,,,
FVJN,2023-06-22 03:00,,,,,,
FVJN,2023-06-22 04:00,,,,,,
FVJN,2023-06-22 05:00,,,,,,
FVJN,2023-06-22 06:00,,,,,,
FVJN,2023-06-22 07:00,,,,,,
FVJN,2023-06-22 08:00,,,,,,
FVJN,2023-06-22 09:00,,,,,,
FVJN,2023-06-22 10:00,,,,,,
FVJN,2023-06-22 11:00,,,,,,
FVJN,2023-06-22 12:00,,,,,,
FVJN,2023-06-22 13:00,,,,,,
FVJN,2023-06-22 14:00,,,,,,
FVJN,2023-06-23 03:00,BKN,,,800.00,,
FVJN,2023-06-23 04:00,BKN,,,800.00,,
FVJN,2023-06-23 05:00,BKN,,,600.00,,
FVJN,2023-06-23 06:00,BKN,,,600.00,,
FVJN,2023-06-23 07:00,BKN,,,2000.00,,
FVJN,2023-06-23 08:00,FEW,,,3000.00,,
FVJN,2023-06-23 09:00,FEW,,,4000.00,,
FVJN,2023-06-23 10:00,,,,,,
FVJN,2023-06-23 11:00,,,,,,
FVJN,2023-06-23 12:00,,,,,,
FVJN,2023-06-23 13:00,,,,,,
FVJN,2023-06-23 14:00,,,,,,
FVJN,2023-06-23 15:00,,,,,,
FVJN,2023-06-24 04:00,,,,,,
FVJN,2023-06-24 09:00,,,,,,
FVJN,2023-06-24 10:00,,,,,,
FVJN,2023-06-24 11:00,,,,,,
FVJN,2023-06-24 12:00,,,,,,
FVJN,2023-06-24 14:00,,,,,,
FVJN,2023-06-24 16:00,,,,,,
FVJN,2023-06-25 06:00,,,,,,
FVJN,2023-06-25 08:00,,,,,,
FVJN,2023-06-25 09:00,,,,,,
FVJN,2023-06-25 10:00,,,,,,
FVJN,2023-06-25 11:00,,,,,,
FVJN,2023-06-25 12:00,,,,,,
FVJN,2023-06-25 13:00,,,,,,
FVJN,2023-06-25 14:00,,,,,,
FVJN,2023-06-25 15:00,,,,,,
FVJN,2023-06-25 16:00,,,,,,
FVJN,2023-06-26 04:00,,,,,,
FVJN,2023-06-26 05:00,,,,,,
FVJN,2023-06-26 06:00,,,,,,
FVJN,2023-06-26 07:00,,,,,,
FVJN,2023-06-26 08:00,,,,,,
FVJN,2023-06-26 09:00,,,,,,
FVJN,2023-06-26 10:00,,,,,,
FVJN,2023-06-26 11:00,,,,,,
FVJN,2023-06-26 12:00,,,,,,
FVJN,2023-06-26 13:00,,,,,,
FVJN,2023-06-26 14:00,,,,,,
FVJN,2023-06-26 15:00,,,,,,
FVJN,2023-06-26 16:00,,,,,,
FVJN,2023-06-26 17:00,,,,,,
FVJN,2023-06-26 18:00,,,,,,
FVJN,2023-06-27 03:00,,,,,,
FVJN,2023-06-27 04:00,,,,,,
FVJN,2023-06-27 05:00,,,,,,
FVJN,2023-06-27 06:00,,,,,,
FVJN,2023-06-27 07:00,,,,,,
FVJN,2023-06-27 08:00,,,,,,
FVJN,2023-06-27 09:00,,,,,,
FVJN,2023-06-27 10:00,,,,,,
FVJN,2023-06-27 11:00,,,,,,
FVJN,2023-06-27 12:00,,,,,,
FVJN,2023-06-27 13:00,,,,,,
FVJN,2023-06-27 14:00,,,,,,
FVJN,2023-06-27 15:00,,,,,,
FVJN,2023-06-27 16:00,,,,,,
FVJN,2023-06-28 03:00,,,,,,
FVJN,2023-06-28 04:00,,,,,,
FVJN,2023-06-28 05:00,,,,,,
FVJN,2023-06-28 06:00,,,,,,
FVJN,2023-06-28 07:00,,,,,,
FVJN,2023-06-28 09:00,,,,,,
FVJN,2023-06-28 10:00,,,,,,
FVJN,2023-06-28 12:00,,,,,,
FVJN,2023-06-28 13:00,,,,,,
FVJN,2023-06-28 14:00,,,,,,
FVJN,2023-06-28 15:00,,,,,,
FVJN,2023-06-28 16:00,,,,,,
FVJN,2023-06-29 03:00,,,,,,
FVJN,2023-06-29 04:00,,,,,,
FVJN,2023-06-29 05:00,,,,,,
FVJN,2023-06-29 06:00,,,,,,
FVJN,2023-06-29 09:00,,,,,,
FVJN,2023-06-29 11:00,,,,,,
FVJN,2023-06-29 12:00,,,,,,
FVJN,2023-06-29 17:00,,,,,,
FVJN,2023-06-30 06:00,,,,,,
FVJN,2023-06-30 08:00,,,,,,
FVJN,2023-06-30 09:00,,,,,,
FVJN,2023-06-30 10:00,,,,,,
FVJN,2023-06-30 11:00,,,,,,
FVJN,2023-06-30 12:00,,,,,,
FVJN,2023-06-30 13:00,,,,,,
FVJN,2023-06-30 14:00,,,,,,
FVJN,2023-06-30 15:00,,,,,,
FVJN,2023-06-30 16:00,,,,,,
FVJN,2023-06-30 17:00,,,,,,
FVJN,2023-06-30 18:00,,,,,,
FVJN,2023-07-01 03:00,,,,,,
FVJN,2023-07-01 04:00,,,,,,
FVJN,2023-07-01 05:00,,,,,,
FVJN,2023-07-01 06:00,,,,,,
FVJN,2023-07-01 07:00,,,,,,
FVJN,2023-07-01 08:00,,,,,,
FVJN,2023-07-01 09:00,,,,,,
FVJN,2023-07-01 10:00,,,,,,
FVJN,2023-07-01 11:00,,,,,,
FVJN,2023-07-01 12:00,,,,,,
FVJN,2023-07-01 13:00,,,,,,
FVJN,2023-07-01 14:00,,,,,,
FVJN,2023-07-01 15:00,,,,,,
FVJN,2023-07-01 16:00,,,,,,
FVJN,2023-07-02 03:00,,,,,,
FVJN,2023-07-02 05:00,,,,,,
FVJN,2023-07-02 06:00,,,,,,
FVJN,2023-07-02 07:00,,,,,,
FVJN,2023-07-02 08:00,,,,,,
FVJN,2023-07-02 09:00,,,,,,
FVJN,2023-07-02 10:00,,,,,,
FVJN,2023-07-02 11:00,,,,,,
FVJN,2023-07-02 12:00,,,,,,
FVJN,2023-07-02 15:00,,,,,,
FVJN,2023-07-03 03:00,,,,,,
FVJN,2023-07-03 04:00,,,,,,
FVJN,2023-07-03 05:00,,,,,,
FVJN,2023-07-03 08:00,,,,,,
FVJN,2023-07-03 10:00,,,,,,
FVJN,2023-07-03 12:00,,,,,,
FVJN,2023-07-03 13:00,,,,,,
FVJN,2023-07-03 14:00,,,,,,
FVJN,2023-07-04 03:00,,,,,,
FVJN,2023-07-04 04:00,,,,,,
FVJN,2023-07-04 05:00,,,,,,
FVJN,2023-07-04 06:00,,,,,,
FVJN,2023-07-04 07:00,,,,,,
FVJN,2023-07-04 08:00,,,,,,
FVJN,2023-07-04 10:00,,,,,,
FVJN,2023-07-04 11:00,,,,,,
FVJN,2023-07-04 12:00,,,,,,
FVJN,2023-07-04 13:00,,,,,,
FVJN,2023-07-04 14:00,,,,,,
FVJN,2023-07-04 15:00,,,,,,
FVJN,2023-07-04 16:00,,,,,,
FVJN,2023-07-04 17:00,,,,,,
FVJN,2023-07-05 06:00,,,,,,
FVJN,2023-07-05 08:00,,,,,,
FVJN,2023-07-05 09:00,,,,,,
FVJN,2023-07-05 10:00,,,,,,
FVJN,2023-07-05 12:00,,,,,,
FVJN,2023-07-05 13:00,,,,,,
FVJN,2023-07-05 14:00,,,,,,
FVJN,2023-07-05 15:00,,,,,,
FVJN,2023-07-05 16:00,,,,,,
FVJN,2023-07-06 03:00,,,,,,
FVJN,2023-07-06 04:00,,,,,,
FVJN,2023-07-06 05:00,,,,,,
FVJN,2023-07-06 06:00,,,,,,
FVJN,2023-07-06 07:00,,,,,,
FVJN,2023-07-06 08:00,,,,,,
FVJN,2023-07-06 09:00,,,,,,
FVJN,2023-07-06 10:00,,,,,,
FVJN,2023-07-06 11:00,,,,,,
FVJN,2023-07-06 12:00,,,,,,
FVJN,2023-07-06 13:00,,,,,,
FVJN,2023-07-06 14:00,,,,,,
FVJN,2023-07-06 15:00,,,,,,
FVJN,2023-07-06 16:00,,,,,,
FVJN,2023-07-07 03:00,,,,,,
FVJN,2023-07-07 04:00,,,,,,
FVJN,2023-07-07 08:00,,,,,,
FVJN,2023-07-07 09:00,,,,,,
FVJN,2023-07-07 10:00,,,,,,
FVJN,2023-07-07 11:00,,,,,,
FVJN,2023-07-07 12:00,,,,,,
FVJN,2023-07-07 13:00,,,,,,
FVJN,2023-07-07 14:00,,,,,,
FVJN,2023-07-07 15:00,,,,,,
FVJN,2023-07-07 16:00,,,,,,
FVJN,2023-07-07 17:00,,,,,,
FVJN,2023-07-08 03:00,,,,,,
FVJN,2023-07-08 04:00,,,,,,
FVJN,2023-07-08 05:00,,,,,,
FVJN,2023-07-08 06:00,,,,,,
FVJN,2023-07-08 07:00,,,,,,
FVJN,2023-07-08 09:00,,,,,,
FVJN,2023-07-08 12:00,,,,,,
FVJN,2023-07-08 13:00,,,,,,
FVJN,2023-07-08 15:00,,,,,,
FVJN,2023-07-08 16:00,,,,,,
FVJN,2023-07-09 03:00,,,,,,
FVJN,2023-07-09 04:00,,,,,,
FVJN,2023-07-09 06:00,,,,,,
FVJN,2023-07-09 07:00,,,,,,
FVJN,2023-07-09 09:00,,,,,,
FVJN,2023-07-09 10:00,,,,,,
FVJN,2023-07-09 11:00,,,,,,
FVJN,2023-07-09 12:00,,,,,,
FVJN,2023-07-09 13:00,,,,,,
FVJN,2023-07-09 14:00,,,,,,
FVJN,2023-07-09 15:00,,,,,,
FVJN,2023-07-09 16:00,,,,,,
FVJN,2023-07-10 03:00,,,,,,
FVJN,2023-07-10 04:00,,,,,,
FVJN,2023-07-10 05:00,,,,,,
FVJN,2023-07-10 08:00,,,,,,
FVJN,2023-07-10 09:00,,,,,,
FVJN,2023-07-10 11:00,,,,,,
FVJN,2023-07-10 12:00,,,,,,
FVJN,2023-07-10 13:00,,,,,,
FVJN,2023-07-11 06:00,SCT,,,800.00,,
FVJN,2023-07-11 09:00,BKN,,,800.00,,
FVJN,2023-07-11 12:00,BKN,,,1600.00,,
FVJN,2023-07-11 13:00,BKN,,,1600.00,,
FVJN,2023-07-12 07:00,BKN,,,1000.00,,
FVJN,2023-07-12 08:00,BKN,,,1000.00,,
FVJN,2023-07-12 09:00,BKN,,,2000.00,,
FVJN,2023-07-12 10:00,FEW,,,3500.00,,
FVJN,2023-07-12 11:00,FEW,,,4500.00,,
FVJN,2023-07-12 12:00,,,,,,
FVJN,2023-07-12 13:00,,,,,,
FVJN,2023-07-12 14:00,,,,,,
FVJN,2023-07-12 15:00,,,,,,
FVJN,2023-07-12 16:00,,,,,,
FVJN,2023-07-12 17:00,,,,,,
FVJN,2023-07-13 03:00,FEW,,,600.00,,
FVJN,2023-07-13 04:00,SCT,,,600.00,,
FVJN,2023-07-13 05:00,BKN,,,1000.00,,
FVJN,2023-07-13 06:00,SCT,,,2000.00,,
FVJN,2023-07-13 07:00,SCT,,,2500.00,,
FVJN,2023-07-13 08:00,FEW,,,2500.00,,
FVJN,2023-07-13 09:00,FEW,,,3000.00,,
FVJN,2023-07-13 10:00,FEW,,,3500.00,,
FVJN,2023-07-13 11:00,FEW,,,4000.00,,
FVJN,2023-07-13 12:00,SCT,,,4500.00,,
FVJN,2023-07-13 13:00,,,,,,
FVJN,2023-07-13 14:00,,,,,,
FVJN,2023-07-13 15:00,,,,,,
FVJN,2023-07-13 16:00,,,,,,
FVJN,2023-07-13 17:00,,,,,,
FVJN,2023-07-13 18:00,,,,,,
FVJN,2023-07-14 03:00,,,,,,
FVJN,2023-07-14 04:00,FEW,,,1000.00,,
FVJN,2023-07-14 05:00,FEW,BKN,,1000.00,5000.00,
FVJN,2023-07-14 06:00,FEW,BKN,,1000.00,5000.00,
FVJN,2023-07-14 07:00,FEW,BKN,,1500.00,6000.00,
FVJN,2023-07-14 08:00,FEW,BKN,,2000.00,8000.00,
FVJN,2023-07-14 09:00,FEW,BKN,,3500.00,8000.00,
FVJN,2023-07-14 10:00,,,,,,
FVJN,2023-07-14 11:00,,,,,,
FVJN,2023-07-14 13:00,,,,,,
FVJN,2023-07-14 15:00,,,,,,
FVJN,2023-07-14 16:00,,,,,,
FVJN,2023-07-15 03:00,,,,,,
FVJN,2023-07-15 04:00,,,,,,
FVJN,2023-07-15 07:00,,,,,,
FVJN,2023-07-15 08:00,,,,,,
FVJN,2023-07-15 09:00,,,,,,
FVJN,2023-07-15 11:00,,,,,,
FVJN,2023-07-15 12:00,,,,,,
FVJN,2023-07-15 13:00,,,,,,
FVJN,2023-07-15 14:00,,,,,,
FVJN,2023-07-15 15:00,,,,,,
FVJN,2023-07-15 16:00,,,,,,
FVJN,2023-07-16 04:00,,,,,,
FVJN,2023-07-16 05:00,FEW,,,3000.00,,
FVJN,2023-07-16 06:00,,,,,,
FVJN,2023-07-16 08:00,,,,,,
FVJN,2023-07-16 09:00,,,,,,
FVJN,2023-07-16 10:00,,,,,,
FVJN,2023-07-16 11:00,,,,,,
FVJN,2023-07-16 12:00,,,,,,
FVJN,2023-07-16 13:00,,,,,,
FVJN,2023-07-16 14:00,,,,,,
FVJN,2023-07-16 15:00,,,,,,
FVJN,2023-07-16 16:00,,,,,,
FVJN,2023-07-17 03:00,,,,,,
FVJN,2023-07-17 06:00,,,,,,
FVJN,2023-07-17 08:00,,,,,,
FVJN,2023-07-17 09:00,,,,,,
FVJN,2023-07-17 11:00,,,,,,
FVJN,2023-07-17 12:00,,,,,,
FVJN,2023-07-17 14:00,,,,,,
FVJN,2023-07-17 15:00,,,,,,
FVJN,2023-07-18 03:00,,,,,,
FVJN,2023-07-18 06:00,,,,,,
FVJN,2023-07-18 07:00,,,,,,
FVJN,2023-07-18 08:00,,,,,,
FVJN,2023-07-18 09:00,,,,,,
FVJN,2023-07-18 10:00,,,,,,
FVJN,2023-07-18 11:00,,,,,,
FVJN,2023-07-18 12:00,,,,,,
FVJN,2023-07-18 13:00,,,,,,
FVJN,2023-07-18 14:00,,,,,,
FVJN,2023-07-18 15:00,,,,,,
FVJN,2023-07-18 17:00,,,,,,
FVJN,2023-07-19 04:00,,,,,,
FVJN,2023-07-19 05:00,,,,,,
FVJN,2023-07-19 06:00,,,,,,
FVJN,2023-07-19 07:00,,,,,,
FVJN,2023-07-19 08:00,,,,,,
FVJN,2023-07-19 09:00,,,,,,
FVJN,2023-07-19 10:00,,,,,,
FVJN,2023-07-19 11:00,,,,,,
FVJN,2023-07-19 12:00,,,,,,
FVJN,2023-07-19 13:00,,,,,,
FVJN,2023-07-19 14:00,,,,,,
FVJN,2023-07-19 15:00,,,,,,
FVJN,2023-07-19 16:00,,,,,,
FVJN,2023-07-20 03:00,,,,,,
FVJN,2023-07-20 04:00,,,,,,
FVJN,2023-07-20 05:00,,,,,,
FVJN,2023-07-20 06:00,,,,,,
FVJN,2023-07-20 09:00,,,,,,
FVJN,2023-07-20 10:00,,,,,,
FVJN,2023-07-20 11:00,,,,,,
FVJN,2023-07-20 12:00,,,,,,
FVJN,2023-07-20 15:00,,,,,,
FVJN,2023-07-20 16:00,,,,,,
FVJN,2023-07-21 03:00,OVC,,,500.00,,
FVJN,2023-07-21 06:00,OVC,,,800.00,,
FVJN,2023-07-21 07:00,OVC,,,1000.00,,
FVJN,2023-07-21 08:00,OVC,,,1500.00,,
FVJN,2023-07-21 09:00,BKN,,,2000.00,,
FVJN,2023-07-21 10:00,BKN,,,2500.00,,
FVJN,2023-07-21 11:00,BKN,,,3000.00,,
FVJN,2023-07-21 12:00,BKN,SCT,,3000.00,10000.00,
FVJN,2023-07-21 13:00,FEW,SCT,,3500.00,10000.00,
FVJN,2023-07-21 15:00,FEW,SCT,,3500.00,10000.00,
FVJN,2023-07-21 17:00,,,,,,
FVJN,2023-07-21 18:00,,,,,,
FVJN,2023-07-21 19:00,,,,,,
FVJN,2023-07-22 04:00,BKN,,,800.00,,
FVJN,2023-07-22 05:00,BKN,,,800.00,,
FVJN,2023-07-22 06:00,BKN,,,800.00,,
FVJN,2023-07-22 07:00,BKN,,,1000.00,,
FVJN,2023-07-22 08:00,FEW,,,2000.00,,
FVJN,2023-07-22 10:00,FEW,,,4000.00,,
FVJN,2023-07-22 12:00,,,,,,
FVJN,2023-07-22 14:00,,,,,,
FVJN,2023-07-22 15:00,,,,,,
FVJN,2023-07-22 16:00,,,,,,
FVJN,2023-07-23 05:00,,,,,,
FVJN,2023-07-23 06:00,,,,,,
FVJN,2023-07-23 08:00,,,,,,
FVJN,2023-07-23 10:00,,,,,,
FVJN,2023-07-23 11:00,,,,,,
FVJN,2023-07-23 13:00,,,,,,
FVJN,2023-07-23 15:00,,,,,,
FVJN,2023-07-23 16:00,,,,,,
FVJN,2023-07-23 17:00,,,,,,
FVJN,2023-07-23 18:00,,,,,,
FVJN,2023-07-24 04:00,,,,,,
FVJN,2023-07-24 05:00,,,,,,
FVJN,2023-07-24 06:00,,,,,,
FVJN,2023-07-24 08:00,,,,,,
FVJN,2023-07-24 09:00,,,,,,
FVJN,2023-07-24 10:00,,,,,,
FVJN,2023-07-24 11:00,,,,,,
FVJN,2023-07-24 15:00,,,,,,
FVJN,2023-07-24 16:00,,,,,,
FVJN,2023-07-25 03:00,,,,,,
FVJN,2023-07-25 05:00,FEW,,,700.00,,
FVJN,2023-07-25 07:00,FEW,,,2000.00,,
FVJN,2023-07-25 08:00,FEW,,,2500.00,,
FVJN,2023-07-25 09:00,,,,,,
FVJN,2023-07-25 10:00,,,,,,
FVJN,2023-07-25 11:00,,,,,,
FVJN,2023-07-25 12:00,,,,,,
FVJN,2023-07-25 13:00,,,,,,
FVJN,2023-07-25 14:00,,,,,,
FVJN,2023-07-25 15:00,,,,,,
FVJN,2023-07-25 16:00,,,,,,
FVJN,2023-07-26 03:00,,,,,,
FVJN,2023-07-26 04:00,,,,,,
FVJN,2023-07-26 05:00,,,,,,
FVJN,2023-07-26 06:00,,,,,,
FVJN,2023-07-26 07:00,,,,,,
FVJN,2023-07-26 08:00,,,,,,
FVJN,2023-07-26 09:00,,,,,,
FVJN,2023-07-26 10:00,,,,,,
FVJN,2023-07-26 11:00,,,,,,
FVJN,2023-07-26 12:00,,,,,,
FVJN,2023-07-26 13:00,,,,,,
FVJN,2023-07-26 15:00,,,,,,
FVJN,2023-07-27 04:00,,,,,,
FVJN,2023-07-27 05:00,,,,,,
FVJN,2023-07-27 06:00,,,,,,
FVJN,2023-07-27 07:00,,,,,,
FVJN,2023-07-27 08:00,,,,,,
FVJN,2023-07-27 09:00,,,,,,
FVJN,2023-07-27 11:00,,,,,,
FVJN,2023-07-27 12:00,,,,,,
FVJN,2023-07-27 13:00,,,,,,
FVJN,2023-07-27 16:00,,,,,,
FVJN,2023-07-28 03:00,,,,,,
FVJN,2023-07-28 04:00,,,,,,
FVJN,2023-07-28 05:00,,,,,,
FVJN,2023-07-28 06:00,,,,,,
FVJN,2023-07-28 07:00,,,,,,
FVJN,2023-07-28 09:00,,,,,,
FVJN,2023-07-28 10:00,,,,,,
FVJN,2023-07-28 11:00,,,,,,
FVJN,2023-07-28 12:00,,,,,,
FVJN,2023-07-28 13:00,,,,,,
FVJN,2023-07-28 14:00,,,,,,
FVJN,2023-07-28 15:00,,,,,,
FVJN,2023-07-28 16:00,,,,,,
FVJN,2023-07-29 03:00,,,,,,
FVJN,2023-07-29 04:00,,,,,,
FVJN,2023-07-29 05:00,,,,,,
FVJN,2023-07-29 06:00,,,,,,
FVJN,2023-07-29 07:00,,,,,,
FVJN,2023-07-29 09:00,,,,,,
FVJN,2023-07-29 10:00,,,,,,
FVJN,2023-07-29 11:00,,,,,,
FVJN,2023-07-29 12:00,,,,,,
FVJN,2023-07-29 13:00,,,,,,
FVJN,2023-07-29 15:00,,,,,,
FVJN,2023-07-29 16:00,,,,,,
FVJN,2023-07-29 17:00,,,,,,
FVJN,2023-07-30 03:00,,,,,,
FVJN,2023-07-30 05:00,,,,,,
FVJN,2023-07-30 06:00,,,,,,
FVJN,2023-07-30 07:00,,,,,,
FVJN,2023-07-30 08:00,,,,,,
FVJN,2023-07-30 09:00,,,,,,
FVJN,2023-07-30 10:00,,,,,,
FVJN,2023-07-30 12:00,,,,,,
FVJN,2023-07-30 13:00,,,,,,
FVJN,2023-07-30 14:00,,,,,,
FVJN,2023-07-31 03:00,,,,,,
FVJN,2023-07-31 04:00,,,,,,
FVJN,2023-07-31 05:00,,,,,,
FVJN,2023-07-31 06:00,,,,,,
FVJN,2023-07-31 07:00,,,,,,
FVJN,2023-07-31 08:00,,,,,,
FVJN,2023-07-31 09:00,,,,,,
FVJN,2023-07-31 10:00,,,,,,
FVJN,2023-07-31 11:00,,,,,,
FVJN,2023-07-31 12:00,,,,,,
FVJN,2023-07-31 13:00,,,,,,
FVJN,2023-07-31 14:00,,,,,,
FVJN,2023-07-31 15:00,,,,,,
FVJN,2023-07-31 16:00,,,,,,
FVJN,2023-07-31 17:00,,,,,,
FVJN,2023-08-01 03:00,,,,,,
FVJN,2023-08-01 04:00,,,,,,
FVJN,2023-08-01 05:00,,,,,,
FVJN,2023-08-01 07:00,,,,,,
FVJN,2023-08-01 08:00,,,,,,
FVJN,2023-08-01 10:00,,,,,,
FVJN,2023-08-01 11:00,,,,,,
FVJN,2023-08-01 12:00,,,,,,
FVJN,2023-08-01 13:00,,,,,,
FVJN,2023-08-01 14:00,,,,,,
FVJN,2023-08-01 16:00,,,,,,
FVJN,2023-08-02 03:00,SCT,,,600.00,,
FVJN,2023-08-02 04:00,SCT,,,600.00,,
FVJN,2023-08-02 05:00,BKN,,,600.00,,
FVJN,2023-08-02 09:00,FEW,,,3500.00,,
FVJN,2023-08-02 10:00,FEW,,,4000.00,,
FVJN,2023-08-02 11:00,FEW,,,4500.00,,
FVJN,2023-08-02 12:00,,,,,,
FVJN,2023-08-02 13:00,,,,,,
FVJN,2023-08-02 15:00,,,,,,
FVJN,2023-08-03 03:00,SCT,,,800.00,,
FVJN,2023-08-03 04:00,BKN,,,800.00,,
FVJN,2023-08-03 05:00,BKN,,,1600.00,,
FVJN,2023-08-03 06:00,BKN,,,1600.00,,
FVJN,2023-08-03 08:00,BKN,,,2500.00,,
FVJN,2023-08-03 09:00,BKN,,,3500.00,,
FVJN,2023-08-03 11:00,BKN,,,4000.00,,
FVJN,2023-08-03 12:00,SCT,,,4500.00,,
FVJN,2023-08-03 13:00,SCT,,,4500.00,,
FVJN,2023-08-03 14:00,SCT,,,4500.00,,
FVJN,2023-08-03 15:00,FEW,,,4500.00,,
FVJN,2023-08-03 16:00,FEW,,,4500.00,,
FVJN,2023-08-04 06:00,FEW,,,3000.00,,
FVJN,2023-08-04 08:00,FEW,,,4000.00,,
FVJN,2023-08-04 09:00,,,,,,
FVJN,2023-08-04 10:00,,,,,,
FVJN,2023-08-04 11:00,,,,,,
FVJN,2023-08-04 12:00,,,,,,
FVJN,2023-08-04 13:00,,,,,,
FVJN,2023-08-04 14:00,,,,,,
FVJN,2023-08-04 15:00,,,,,,
FVJN,2023-08-05 03:00,,,,,,
FVJN,2023-08-05 04:00,,,,,,
FVJN,2023-08-05 05:00,,,,,,
FVJN,2023-08-05 06:00,,,,,,
FVJN,2023-08-05 08:00,,,,,,
FVJN,2023-08-05 10:00,,,,,,
FVJN,2023-08-05 11:00,,,,,,
FVJN,2023-08-05 12:00,,,,,,
FVJN,2023-08-05 13:00,,,,,,
FVJN,2023-08-05 14:00,,,,,,
FVJN,2023-08-05 15:00,,,,,,
FVJN,2023-08-05 16:00,,,,,,
FVJN,2023-08-06 03:00,FEW,,,1000.00,,
FVJN,2023-08-06 05:00,FEW,,,1000.00,,
FVJN,2023-08-06 06:00,BKN,,,1200.00,,
FVJN,2023-08-06 07:00,BKN,,,1500.00,,
FVJN,2023-08-06 08:00,FEW,,,2500.00,,
FVJN,2023-08-06 09:00,FEW,,,3000.00,,
FVJN,2023-08-06 10:00,SCT,,,3500.00,,
FVJN,2023-08-06 11:00,SCT,,,4500.00,,
FVJN,2023-08-06 12:00,,,,,,
FVJN,2023-08-06 13:00,,,,,,
FVJN,2023-08-06 14:00,,,,,,
FVJN,2023-08-06 15:00,,,,,,
FVJN,2023-08-06 16:00,,,,,,
FVJN,2023-08-07 04:00,,,,,,
FVJN,2023-08-07 05:00,,,,,,
FVJN,2023-08-07 06:00,,,,,,
FVJN,2023-08-07 07:00,,,,,,
FVJN,2023-08-07 08:00,,,,,,
FVJN,2023-08-07 09:00,,,,,,
FVJN,2023-08-07 10:00,,,,,,
FVJN,2023-08-07 11:00,,,,,,
FVJN,2023-08-07 12:00,,,,,,
FVJN,2023-08-07 13:00,,,,,,
FVJN,2023-08-07 14:00,,,,,,
FVJN,2023-08-07 17:00,,,,,,
FVJN,2023-08-08 03:00,,,,,,
FVJN,2023-08-08 04:00,,,,,,
FVJN,2023-08-08 06:00,,,,,,
FVJN,2023-08-08 07:00,,,,,,
FVJN,2023-08-08 08:00,,,,,,
FVJN,2023-08-08 10:00,,,,,,
FVJN,2023-08-08 11:00,,,,,,
FVJN,2023-08-08 12:00,,,,,,
FVJN,2023-08-08 13:00,,,,,,
FVJN,2023-08-08 14:00,,,,,,
FVJN,2023-08-08 15:00,,,,,,
FVJN,2023-08-08 16:00,,,,,,
FVJN,2023-08-09 03:00,,,,,,
FVJN,2023-08-09 04:00,,,,,,
FVJN,2023-08-09 05:00,,,,,,
FVJN,2023-08-09 06:00,,,,,,
FVJN,2023-08-09 07:00,,,,,,
FVJN,2023-08-09 08:00,,,,,,
FVJN,2023-08-09 09:00,,,,,,
FVJN,2023-08-09 10:00,,,,,,
FVJN,2023-08-09 11:00,,,,,,
FVJN,2023-08-09 12:00,,,,,,
FVJN,2023-08-09 13:00,,,,,,
FVJN,2023-08-09 15:00,,,,,,
FVJN,2023-08-09 16:00,,,,,,
FVJN,2023-08-10 03:00,,,,,,
FVJN,2023-08-10 04:00,FEW,,,1000.00,,
FVJN,2023-08-10 06:00,FEW,,,2000.00,,
FVJN,2023-08-10 07:00,FEW,,,2500.00,,
FVJN,2023-08-10 08:00,FEW,,,2500.00,,
FVJN,2023-08-10 11:00,,,,,,
FVJN,2023-08-10 12:00,,,,,,
FVJN,2023-08-10 13:00,,,,,,
FVJN,2023-08-10 17:00,,,,,,
FVJN,2023-08-11 05:00,,,,,,
FVJN,2023-08-11 06:00,,,,,,
FVJN,2023-08-11 09:00,,,,,,
FVJN,2023-08-11 10:00,,,,,,
FVJN,2023-08-11 11:00,,,,,,
FVJN,2023-08-11 12:00,,,,,,
FVJN,2023-08-11 13:00,,,,,,
FVJN,2023-08-11 14:00,,,,,,
FVJN,2023-08-11 15:00,,,,,,
FVJN,2023-08-11 16:00,,,,,,
FVJN,2023-08-11 20:00,,,,,,
FVJN,2023-08-12 04:00,,,,,,
FVJN,2023-08-12 05:00,,,,,,
FVJN,2023-08-12 06:00,,,,,,
FVJN,2023-08-12 09:00,,,,,,
FVJN,2023-08-12 10:00,,,,,,
FVJN,2023-08-12 11:00,,,,,,
FVJN,2023-08-12 12:00,,,,,,
FVJN,2023-08-12 13:00,,,,,,
FVJN,2023-08-12 14:00,,,,,,
FVJN,2023-08-12 16:00,,,,,,
FVJN,2023-08-13 04:00,,,,,,
FVJN,2023-08-13 05:00,,,,,,
FVJN,2023-08-13 06:00,,,,,,
FVJN,2023-08-13 07:00,,,,,,
FVJN,2023-08-13 08:00,,,,,,
FVJN,2023-08-13 09:00,,,,,,
FVJN,2023-08-13 10:00,,,,,,
FVJN,2023-08-13 11:00,,,,,,
FVJN,2023-08-13 12:00,,,,,,
FVJN,2023-08-13 13:00,,,,,,
FVJN,2023-08-13 14:00,,,,,,
FVJN,2023-08-13 15:00,,,,,,
FVJN,2023-08-14 04:00,,,,,,
FVJN,2023-08-14 05:00,,,,,,
FVJN,2023-08-14 06:00,,,,,,
FVJN,2023-08-14 07:00,,,,,,
FVJN,2023-08-14 08:00,,,,,,
FVJN,2023-08-14 09:00,,,,,,
FVJN,2023-08-14 10:00,,,,,,
FVJN,2023-08-14 11:00,,,,,,
FVJN,2023-08-14 12:00,,,,,,
FVJN,2023-08-14 13:00,,,,,,
FVJN,2023-08-14 14:00,,,,,,
FVJN,2023-08-14 15:00,,,,,,
FVJN,2023-08-14 16:00,,,,,,
FVJN,2023-08-15 04:00,,,,,,
FVJN,2023-08-15 05:00,,,,,,
FVJN,2023-08-15 06:00,,,,,,
FVJN,2023-08-15 07:00,,,,,,
FVJN,2023-08-15 08:00,,,,,,
FVJN,2023-08-15 09:00,,,,,,
FVJN,2023-08-15 10:00,,,,,,
FVJN,2023-08-15 12:00,,,,,,
FVJN,2023-08-15 14:00,,,,,,
FVJN,2023-08-15 16:00,,,,,,
FVJN,2023-08-16 03:00,,,,,,
FVJN,2023-08-16 04:00,,,,,,
FVJN,2023-08-16 05:00,,,,,,
FVJN,2023-08-16 06:00,,,,,,
FVJN,2023-08-16 08:00,,,,,,
FVJN,2023-08-16 09:00,,,,,,
FVJN,2023-08-16 12:00,,,,,,
FVJN,2023-08-16 13:00,,,,,,
FVJN,2023-08-16 15:00,,,,,,
FVJN,2023-08-17 06:00,,,,,,
FVJN,2023-08-17 08:00,,,,,,
FVJN,2023-08-17 09:00,,,,,,
FVJN,2023-08-17 10:00,,,,,,
FVJN,2023-08-17 11:00,,,,,,
FVJN,2023-08-17 12:00,,,,,,
FVJN,2023-08-17 13:00,,,,,,
FVJN,2023-08-17 15:00,,,,,,
FVJN,2023-08-17 16:00,,,,,,
FVJN,2023-08-18 04:00,,,,,,
FVJN,2023-08-18 05:00,,,,,,
FVJN,2023-08-18 06:00,,,,,,
FVJN,2023-08-18 07:00,,,,,,
FVJN,2023-08-18 08:00,,,,,,
FVJN,2023-08-18 09:00,,,,,,
FVJN,2023-08-18 10:00,,,,,,
FVJN,2023-08-18 12:00,,,,,,
FVJN,2023-08-18 15:00,,,,,,
FVJN,2023-08-18 16:00,,,,,,
FVJN,2023-08-18 17:00,,,,,,
FVJN,2023-08-19 03:00,,,,,,
FVJN,2023-08-19 04:00,,,,,,
FVJN,2023-08-19 05:00,,,,,,
FVJN,2023-08-19 06:00,,,,,,
FVJN,2023-08-19 08:00,,,,,,
FVJN,2023-08-19 09:00,,,,,,
FVJN,2023-08-19 10:00,,,,,,
FVJN,2023-08-19 11:00,,,,,,
FVJN,2023-08-19 12:00,,,,,,
FVJN,2023-08-19 13:00,,,,,,
FVJN,2023-08-19 15:00,,,,,,
FVJN,2023-08-20 03:00,,,,,,
FVJN,2023-08-20 04:00,,,,,,
FVJN,2023-08-20 05:00,,,,,,
FVJN,2023-08-20 06:00,,,,,,
FVJN,2023-08-20 10:00,,,,,,
FVJN,2023-08-20 11:00,,,,,,
FVJN,2023-08-20 12:00,,,,,,
FVJN,2023-08-20 14:00,,,,,,
FVJN,2023-08-21 08:00,,,,,,
FVJN,2023-08-21 09:00,,,,,,
FVJN,2023-08-21 10:00,,,,,,
FVJN,2023-08-21 11:00,,,,,,
FVJN,2023-08-21 12:00,,,,,,
FVJN,2023-08-21 13:00,,,,,,
FVJN,2023-08-21 15:00,,,,,,
FVJN,2023-08-21 16:00,,,,,,
FVJN,2023-08-21 17:00,,,,,,
FVJN,2023-08-22 04:00,,,,,,
FVJN,2023-08-22 05:00,,,,,,
FVJN,2023-08-22 06:00,,,,,,
FVJN,2023-08-22 07:00,,,,,,
FVJN,2023-08-22 08:00,,,,,,
FVJN,2023-08-22 09:00,,,,,,
FVJN,2023-08-22 10:00,,,,,,
FVJN,2023-08-22 12:00,,,,,,
FVJN,2023-08-22 16:00,,,,,,
FVJN,2023-08-23 04:00,,,,,,
FVJN,2023-08-23 07:00,,,,,,
FVJN,2023-08-23 09:00,,,,,,
FVJN,2023-08-23 10:00,,,,,,
FVJN,2023-08-23 11:00,,,,,,
FVJN,2023-08-24 04:00,,,,,,
FVJN,2023-08-24 05:00,,,,,,
FVJN,2023-08-24 06:00,,,,,,
FVJN,2023-08-24 07:00,,,,,,
FVJN,2023-08-24 10:00,,,,,,
FVJN,2023-08-24 11:00,,,,,,
FVJN,2023-08-24 12:00,,,,,,
FVJN,2023-08-24 16:00,,,,,,
FVJN,2023-08-25 03:00,,,,,,
FVJN,2023-08-25 04:00,,,,,,
FVJN,2023-08-25 06:00,,,,,,
FVJN,2023-08-25 08:00,NSC,,,,,
FVJN,2023-08-25 09:00,,,,,,
FVJN,2023-08-25 10:00,,,,,,
FVJN,2023-08-25 11:00,,,,,,
FVJN,2023-08-25 12:00,,,,,,
FVJN,2023-08-25 13:00,,,,,,
FVJN,2023-08-25 14:00,,,,,,
FVJN,2023-08-25 16:00,,,,,,
FVJN,2023-08-25 17:00,,,,,,
FVJN,2023-08-26 04:00,NSC,,,,,
FVJN,2023-08-26 05:00,NSC,,,,,
FVJN,2023-08-26 07:00,NSC,,,,,
FVJN,2023-08-26 09:00,,,,,,
FVJN,2023-08-26 11:00,,,,,,
FVJN,2023-08-26 12:00,,,,,,
FVJN,2023-08-26 13:00,,,,,,
FVJN,2023-08-26 14:00,,,,,,
FVJN,2023-08-26 15:00,,,,,,
FVJN,2023-08-26 16:00,,,,,,
FVJN,2023-08-27 03:00,FEW,,,1000.00,,
FVJN,2023-08-27 04:00,,,,,,
FVJN,2023-08-27 06:00,BKN,,,1000.00,,
FVJN,2023-08-27 07:00,BKN,,,800.00,,
FVJN,2023-08-27 08:00,BKN,,,800.00,,
FVJN,2023-08-27 09:00,BKN,,,1000.00,,
FVJN,2023-08-27 10:00,OVC,,,1000.00,,
FVJN,2023-08-27 11:00,OVC,,,1000.00,,
FVJN,2023-08-27 12:00,OVC,,,1000.00,,
FVJN,2023-08-27 13:00,OVC,,,1000.00,,
FVJN,2023-08-27 14:00,OVC,,,800.00,,
FVJN,2023-08-27 15:00,OVC,,,800.00,,
FVJN,2023-08-27 16:00,OVC,,,800.00,,
FVJN,2023-08-28 03:00,OVC,,,800.00,,
FVJN,2023-08-28 06:00,OVC,,,1200.00,,
FVJN,2023-08-28 07:00,OVC,,,1200.00,,
FVJN,2023-08-28 08:00,OVC,,,1200.00,,
FVJN,2023-08-28 09:00,BKN,,,2000.00,,
FVJN,2023-08-28 10:00,BKN,,,2000.00,,
FVJN,2023-08-28 11:00,BKN,,,2500.00,,
FVJN,2023-08-28 12:00,FEW,,,3000.00,,
FVJN,2023-08-28 13:00,,,,,,
FVJN,2023-08-28 14:00,,,,,,
FVJN,2023-08-28 15:00,,,,,,
FVJN,2023-08-28 16:00,,,,,,
FVJN,2023-08-29 04:00,FEW,,,800.00,,
FVJN,2023-08-29 05:00,FEW,,,800.00,,
FVJN,2023-08-29 06:00,FEW,,,1200.00,,
FVJN,2023-08-29 07:00,FEW,,,2000.00,,
FVJN,2023-08-29 08:00,BKN,,,2500.00,,
FVJN,2023-08-29 09:00,SCT,,,3500.00,,
FVJN,2023-08-29 10:00,,,,,,
FVJN,2023-08-29 12:00,,,,,,
FVJN,2023-08-29 13:00,,,,,,
FVJN,2023-08-29 14:00,,,,,,
FVJN,2023-08-29 16:00,,,,,,
FVJN,2023-08-30 04:00,FEW,,,1000.00,,
FVJN,2023-08-30 05:00,FEW,,,1000.00,,
FVJN,2023-08-30 06:00,,,,,,
FVJN,2023-08-30 07:00,FEW,,,2500.00,,
FVJN,2023-08-30 08:00,,,,,,
FVJN,2023-08-30 10:00,,,,,,
FVJN,2023-08-30 11:00,,,,,,
FVJN,2023-08-30 12:00,,,,,,
FVJN,2023-08-30 13:00,,,,,,
FVJN,2023-08-30 14:00,,,,,,
FVJN,2023-08-30 15:00,,,,,,
FVJN,2023-08-30 16:00,,,,,,
FVJN,2023-08-31 03:00,,,,,,
FVJN,2023-08-31 04:00,,,,,,
FVJN,2023-08-31 06:00,,,,,,
FVJN,2023-08-31 07:00,,,,,,
FVJN,2023-08-31 08:00,,,,,,
FVJN,2023-08-31 09:00,,,,,,
FVJN,2023-08-31 10:00,,,,,,
FVJN,2023-08-31 11:00,,,,,,
FVJN,2023-08-31 12:00,,,,,,
FVJN,2023-08-31 14:00,,,,,,
FVJN,2023-08-31 15:00,,,,,,
FVJN,2023-09-01 03:00,,,,,,
FVJN,2023-09-01 04:00,,,,,,
FVJN,2023-09-01 06:00,,,,,,
FVJN,2023-09-01 07:00,,,,,,
FVJN,2023-09-01 09:00,,,,,,
FVJN,2023-09-01 10:00,,,,,,
FVJN,2023-09-01 11:00,,,,,,
FVJN,2023-09-01 16:00,,,,,,
FVJN,2023-09-02 04:00,,,,,,
FVJN,2023-09-02 06:00,,,,,,
FVJN,2023-09-02 10:00,,,,,,
FVJN,2023-09-02 11:00,,,,,,
FVJN,2023-09-02 12:00,,,,,,
FVJN,2023-09-02 13:00,,,,,,
FVJN,2023-09-02 14:00,,,,,,
FVJN,2023-09-02 15:00,,,,,,
FVJN,2023-09-02 16:00,,,,,,
FVJN,2023-09-03 03:00,,,,,,
FVJN,2023-09-03 04:00,,,,,,
FVJN,2023-09-03 05:00,,,,,,
FVJN,2023-09-03 06:00,,,,,,
FVJN,2023-09-03 07:00,,,,,,
FVJN,2023-09-03 08:00,,,,,,
FVJN,2023-09-03 09:00,,,,,,
FVJN,2023-09-03 10:00,,,,,,
FVJN,2023-09-03 11:00,,,,,,
FVJN,2023-09-03 13:00,,,,,,
FVJN,2023-09-03 15:00,,,,,,
FVJN,2023-09-04 03:00,,,,,,
FVJN,2023-09-04 04:00,,,,,,
FVJN,2023-09-04 05:00,,,,,,
FVJN,2023-09-04 06:00,,,,,,
FVJN,2023-09-04 07:00,,,,,,
FVJN,2023-09-04 08:00,,,,,,
FVJN,2023-09-04 09:00,,,,,,
FVJN,2023-09-04 10:00,,,,,,
FVJN,2023-09-04 11:00,,,,,,
FVJN,2023-09-04 12:00,,,,,,
FVJN,2023-09-04 13:00,,,,,,
FVJN,2023-09-04 15:00,,,,,,
FVJN,2023-09-05 04:00,,,,,,
FVJN,2023-09-05 05:00,,,,,,
FVJN,2023-09-05 06:00,,,,,,
FVJN,2023-09-06 07:00,,,,,,
FVJN,2023-09-06 08:00,,,,,,
FVJN,2023-09-06 09:00,,,,,,
FVJN,2023-09-06 10:00,,,,,,
FVJN,2023-09-06 12:00,,,,,,
FVJN,2023-09-06 13:00,,,,,,
FVJN,2023-09-06 14:00,,,,,,
FVJN,2023-09-06 15:00,,,,,,
FVJN,2023-09-07 04:00,,,,,,
FVJN,2023-09-07 05:00,,,,,,
FVJN,2023-09-07 06:00,,,,,,
FVJN,2023-09-07 07:00,,,,,,
FVJN,2023-09-07 08:00,,,,,,
FVJN,2023-09-07 09:00,,,,,,
FVJN,2023-09-07 10:00,,,,,,
FVJN,2023-09-07 11:00,,,,,,
FVJN,2023-09-07 12:00,,,,,,
FVJN,2023-09-07 14:00,,,,,,
FVJN,2023-09-07 15:00,,,,,,
FVJN,2023-09-07 16:00,,,,,,
FVJN,2023-09-08 04:00,,,,,,
FVJN,2023-09-08 05:00,,,,,,
FVJN,2023-09-08 06:00,,,,,,
FVJN,2023-09-08 07:00,,,,,,
FVJN,2023-09-08 08:00,,,,,,
FVJN,2023-09-08 10:00,,,,,,
FVJN,2023-09-08 12:00,,,,,,
FVJN,2023-09-08 13:00,,,,,,
FVJN,2023-09-08 14:00,,,,,,
FVJN,2023-09-08 15:00,,,,,,
FVJN,2023-09-08 16:00,,,,,,
FVJN,2023-09-09 03:00,,,,,,
FVJN,2023-09-09 04:00,,,,,,
FVJN,2023-09-09 05:00,,,,,,
FVJN,2023-09-09 06:00,,,,,,
FVJN,2023-09-09 09:00,,,,,,
FVJN,2023-09-09 12:00,,,,,,
FVJN,2023-09-09 15:00,,,,,,
FVJN,2023-09-10 04:00,,,,,,
FVJN,2023-09-10 09:00,,,,,,
FVJN,2023-09-10 10:00,,,,,,
FVJN,2023-09-10 18:00,,,,,,
FVJN,2023-09-11 03:00,,,,,,
FVJN,2023-09-11 05:00,NSC,,,,,
FVJN,2023-09-11 06:00,,,,,,
FVJN,2023-09-11 08:00,,,,,,
FVJN,2023-09-11 09:00,,,,,,
FVJN,2023-09-11 10:00,,,,,,
FVJN,2023-09-11 11:00,,,,,,
FVJN,2023-09-11 12:00,,,,,,
FVJN,2023-09-11 13:00,,,,,,
FVJN,2023-09-11 14:00,,,,,,
FVJN,2023-09-11 15:00,,,,,,
FVJN,2023-09-11 16:00,,,,,,
FVJN,2023-09-12 03:00,,,,,,
FVJN,2023-09-12 04:00,,,,,,
FVJN,2023-09-12 05:00,,,,,,
FVJN,2023-09-12 06:00,,,,,,
FVJN,2023-09-12 07:00,,,,,,
FVJN,2023-09-12 08:00,,,,,,
FVJN,2023-09-12 10:00,,,,,,
FVJN,2023-09-12 11:00,,,,,,
FVJN,2023-09-12 18:00,BKN,,,800.00,,
FVJN,2023-09-12 19:00,BKN,,,800.00,,
FVJN,2023-09-13 03:00,BKN,,,500.00,,
FVJN,2023-09-13 04:00,BKN,,,500.00,,
FVJN,2023-09-13 05:00,BKN,,,500.00,,
FVJN,2023-09-13 08:00,OVC,,,1500.00,,
FVJN,2023-09-13 09:00,OVC,,,2000.00,,
FVJN,2023-09-13 10:00,OVC,,,2500.00,,
FVJN,2023-09-13 13:00,OVC,,,3000.00,,
FVJN,2023-09-13 14:00,BKN,,,3000.00,,
FVJN,2023-09-14 03:00,FEW,,,1000.00,,
FVJN,2023-09-14 06:00,FEW,,,1500.00,,
FVJN,2023-09-14 07:00,FEW,,,3000.00,,
FVJN,2023-09-14 08:00,,,,,,
FVJN,2023-09-14 09:00,,,,,,
FVJN,2023-09-14 10:00,,,,,,
FVJN,2023-09-14 12:00,,,,,,
FVJN,2023-09-14 13:00,,,,,,
FVJN,2023-09-14 15:00,,,,,,
FVJN,2023-09-14 16:00,,,,,,
FVJN,2023-09-14 17:00,,,,,,
FVJN,2023-09-14 18:00,,,,,,
FVJN,2023-09-15 03:00,,,,,,
FVJN,2023-09-15 04:00,,,,,,
FVJN,2023-09-15 05:00,,,,,,
FVJN,2023-09-15 06:00,,,,,,
FVJN,2023-09-15 07:00,,,,,,
FVJN,2023-09-15 09:00,,,,,,
FVJN,2023-09-15 10:00,,,,,,
FVJN,2023-09-15 11:00,,,,,,
FVJN,2023-09-15 12:00,,,,,,
FVJN,2023-09-15 15:00,,,,,,
FVJN,2023-09-16 03:00,,,,,,
FVJN,2023-09-16 04:00,,,,,,
FVJN,2023-09-16 05:00,,,,,,
FVJN,2023-09-16 07:00,,,,,,
FVJN,2023-09-16 08:00,,,,,,
FVJN,2023-09-16 09:00,,,,,,
FVJN,2023-09-16 10:00,,,,,,
FVJN,2023-09-16 12:00,,,,,,
FVJN,2023-09-16 13:00,,,,,,
FVJN,2023-09-16 14:00,,,,,,
FVJN,2023-09-16 15:00,,,,,,
FVJN,2023-09-17 04:00,,,,,,
FVJN,2023-09-17 05:00,,,,,,
FVJN,2023-09-17 06:00,,,,,,
FVJN,2023-09-17 07:00,,,,,,
FVJN,2023-09-17 08:00,,,,,,
FVJN,2023-09-17 09:00,,,,,,
FVJN,2023-09-17 10:00,,,,,,
FVJN,2023-09-17 11:00,,,,,,
FVJN,2023-09-17 12:00,,,,,,
FVJN,2023-09-17 13:00,,,,,,
FVJN,2023-09-17 14:00,,,,,,
FVJN,2023-09-17 15:00,,,,,,
FVJN,2023-09-17 16:00,,,,,,
FVJN,2023-09-18 03:00,,,,,,
FVJN,2023-09-18 04:00,,,,,,
FVJN,2023-09-18 07:00,,,,,,
FVJN,2023-09-18 08:00,,,,,,
FVJN,2023-09-18 09:00,,,,,,
FVJN,2023-09-18 10:00,,,,,,
FVJN,2023-09-18 11:00,,,,,,
FVJN,2023-09-18 12:00,,,,,,
FVJN,2023-09-18 14:00,,,,,,
FVJN,2023-09-18 15:00,,,,,,
FVJN,2023-09-18 16:00,,,,,,
FVJN,2023-09-19 06:00,,,,,,
FVJN,2023-09-19 07:00,,,,,,
FVJN,2023-09-19 08:00,,,,,,
FVJN,2023-09-19 09:00,,,,,,
FVJN,2023-09-19 12:00,,,,,,
FVJN,2023-09-19 13:00,,,,,,
FVJN,2023-09-19 15:00,,,,,,
FVJN,2023-09-19 16:00,,,,,,
FVJN,2023-09-20 03:00,,,,,,
FVJN,2023-09-20 04:00,,,,,,
FVJN,2023-09-20 05:00,,,,,,
FVJN,2023-09-20 06:00,,,,,,
FVJN,2023-09-20 07:00,,,,,,
FVJN,2023-09-20 08:00,,,,,,
FVJN,2023-09-20 09:00,,,,,,
FVJN,2023-09-20 10:00,,,,,,
FVJN,2023-09-20 11:00,,,,,,
FVJN,2023-09-20 12:00,,,,,,
FVJN,2023-09-20 13:00,,,,,,
FVJN,2023-09-20 15:00,,,,,,
FVJN,2023-09-20 16:00,,,,,,
FVJN,2023-09-21 03:00,,,,,,
FVJN,2023-09-21 04:00,,,,,,
FVJN,2023-09-21 05:00,,,,,,
FVJN,2023-09-21 06:00,,,,,,
FVJN,2023-09-21 07:00,,,,,,
FVJN,2023-09-21 08:00,NSC,,,,,
FVJN,2023-09-21 09:00,,,,,,
FVJN,2023-09-21 11:00,,,,,,
FVJN,2023-09-21 13:00,,,,,,
FVJN,2023-09-21 14:00,,,,,,
FVJN,2023-09-22 05:00,,,,,,
FVJN,2023-09-22 09:00,NSC,,,,,
FVJN,2023-09-22 13:00,,,,,,
FVJN,2023-09-22 16:00,,,,,,
FVJN,2023-09-23 05:00,,,,,,
FVJN,2023-09-23 07:00,NSC,,,,,
FVJN,2023-09-23 08:00,,,,,,
FVJN,2023-09-23 09:00,,,,,,
FVJN,2023-09-23 10:00,,,,,,
FVJN,2023-09-23 11:00,,,,,,
FVJN,2023-09-23 12:00,,,,,,
FVJN,2023-09-23 13:00,,,,,,
FVJN,2023-09-23 14:00,,,,,,
FVJN,2023-09-23 15:00,,,,,,
FVJN,2023-09-23 16:00,,,,,,
FVJN,2023-09-24 03:00,,,,,,
FVJN,2023-09-24 04:00,,,,,,
FVJN,2023-09-24 05:00,,,,,,
FVJN,2023-09-24 06:00,,,,,,
FVJN,2023-09-24 07:00,,,,,,
FVJN,2023-09-24 08:00,,,,,,
FVJN,2023-09-24 09:00,,,,,,
FVJN,2023-09-24 10:00,,,,,,
FVJN,2023-09-24 12:00,,,,,,
FVJN,2023-09-24 14:00,,,,,,
FVJN,2023-09-24 15:00,,,,,,
FVJN,2023-09-25 03:00,,,,,,
FVJN,2023-09-25 04:00,,,,,,
FVJN,2023-09-25 05:00,,,,,,
FVJN,2023-09-25 06:00,,,,,,
FVJN,2023-09-25 07:00,,,,,,
FVJN,2023-09-25 09:00,,,,,,
FVJN,2023-09-25 10:00,,,,,,
FVJN,2023-09-25 11:00,,,,,,
FVJN,2023-09-25 12:00,,,,,,
FVJN,2023-09-25 13:00,,,,,,
FVJN,2023-09-25 14:00,,,,,,
FVJN,2023-09-25 16:00,NSC,,,,,
FVJN,2023-09-26 04:00,BKN,,,8000.00,,
FVJN,2023-09-26 05:00,BKN,,,8000.00,,
FVJN,2023-09-26 06:00,,,,,,
FVJN,2023-09-26 07:00,,,,,,
FVJN,2023-09-26 08:00,,,,,,
FVJN,2023-09-26 09:00,,,,,,
FVJN,2023-09-26 10:00,,,,,,
FVJN,2023-09-26 12:00,,,,,,
FVJN,2023-09-26 14:00,FEW,SCT,,5000.00,8000.00,
FVJN,2023-09-26 15:00,FEW,SCT,,5000.00,8000.00,
FVJN,2023-09-26 17:00,FEW,SCT,BKN,4000.00,6000.00,9000.00
FVJN,2023-09-27 03:00,BKN,,,8000.00,,
FVJN,2023-09-27 04:00,,,,,,
FVJN,2023-09-27 05:00,,,,,,
FVJN,2023-09-27 06:00,,,,,,
FVJN,2023-09-27 07:00,,,,,,
FVJN,2023-09-27 09:00,,,,,,
FVJN,2023-09-27 10:00,,,,,,
FVJN,2023-09-27 11:00,,,,,,
FVJN,2023-09-27 12:00,,,,,,
FVJN,2023-09-27 14:00,,,,,,
FVJN,2023-09-27 15:00,,,,,,
FVJN,2023-09-27 16:00,,,,,,
FVJN,2023-09-28 03:00,BKN,,,600.00,,
FVJN,2023-09-28 04:00,BKN,,,600.00,,
FVJN,2023-09-28 05:00,BKN,,,600.00,,
FVJN,2023-09-28 06:00,BKN,,,600.00,,
FVJN,2023-09-28 07:00,BKN,,,800.00,,
FVJN,2023-09-28 09:00,FEW,,,3500.00,,
FVJN,2023-09-28 10:00,FEW,,,4500.00,,
FVJN,2023-09-28 11:00,SCT,,,4500.00,,
FVJN,2023-09-28 13:00,SCT,,,4500.00,,
FVJN,2023-09-28 14:00,FEW,,,4500.00,,
FVJN,2023-09-29 03:00,BKN,,,3000.00,,
FVJN,2023-09-29 05:00,BKN,,,800.00,,
FVJN,2023-09-29 06:00,SCT,,,1500.00,,
FVJN,2023-09-29 07:00,,,,,,
FVJN,2023-09-29 09:00,,,,,,
FVJN,2023-09-29 10:00,,,,,,
FVJN,2023-09-29 11:00,,,,,,
FVJN,2023-09-29 12:00,,,,,,
FVJN,2023-09-29 13:00,,,,,,
FVJN,2023-09-29 14:00,,,,,,
FVJN,2023-09-29 15:00,,,,,,
FVJN,2023-09-29 16:00,FEW,,,4500.00,,
FVJN,2023-09-29 18:00,,,,,,
FVJN,2023-09-30 03:00,,,,,,
FVJN,2023-09-30 04:00,,,,,,
FVJN,2023-09-30 05:00,FEW,,,2000.00,,
FVJN,2023-09-30 06:00,,,,,,
FVJN,2023-09-30 08:00,,,,,,
FVJN,2023-09-30 09:00,,,,,,
FVJN,2023-09-30 10:00,SCT,,,8000.00,,
FVJN,2023-09-30 11:00,,,,,,
FVJN,2023-09-30 12:00,,,,,,
FVJN,2023-09-30 13:00,,,,,,
FVJN,2023-09-30 14:00,SCT,,,8000.00,,
FVJN,2023-09-30 15:00,FEW,SCT,BKN,4000.00,5000.00,9000.00
FVJN,2023-09-30 16:00,FEW,SCT,BKN,4000.00,5000.00,9000.00
FVJN,2023-10-01 03:00,,,,,,
FVJN,2023-10-01 04:00,,,,,,
FVJN,2023-10-01 05:00,,,,,,
FVJN,2023-10-01 06:00,,,,,,
FVJN,2023-10-01 07:00,,,,,,
FVJN,2023-10-01 11:00,,,,,,
FVJN,2023-10-01 12:00,,,,,,
FVJN,2023-10-02 06:00,BKN,,,500.00,,
FVJN,2023-10-02 09:00,BKN,,,1000.00,,
FVJN,2023-10-02 12:00,BKN,,,2000.00,,
FVJN,2023-10-02 14:00,BKN,,,2000.00,,
FVJN,2023-10-02 15:00,BKN,,,2000.00,,
FVJN,2023-10-03 08:00,,,,,,
FVJN,2023-10-03 09:00,,,,,,
FVJN,2023-10-03 11:00,,,,,,
FVJN,2023-10-03 12:00,,,,,,
FVJN,2023-10-03 13:00,,,,,,
FVJN,2023-10-03 14:00,,,,,,
FVJN,2023-10-03 15:00,,,,,,
FVJN,2023-10-03 16:00,,,,,,
FVJN,2023-10-04 03:00,,,,,,
FVJN,2023-10-04 04:00,,,,,,
FVJN,2023-10-04 05:00,,,,,,
FVJN,2023-10-04 06:00,,,,,,
FVJN,2023-10-04 07:00,,,,,,
FVJN,2023-10-04 08:00,,,,,,
FVJN,2023-10-04 09:00,,,,,,
FVJN,2023-10-04 10:00,,,,,,
FVJN,2023-10-04 12:00,,,,,,
FVJN,2023-10-04 14:00,,,,,,
FVJN,2023-10-04 15:00,,,,,,
FVJN,2023-10-04 17:00,,,,,,
FVJN,2023-10-05 03:00,,,,,,
FVJN,2023-10-05 04:00,,,,,,
FVJN,2023-10-05 06:00,,,,,,
FVJN,2023-10-05 07:00,,,,,,
FVJN,2023-10-05 08:00,,,,,,
FVJN,2023-10-05 09:00,,,,,,
FVJN,2023-10-05 10:00,,,,,,
FVJN,2023-10-05 11:00,,,,,,
FVJN,2023-10-05 12:00,,,,,,
FVJN,2023-10-05 13:00,,,,,,
FVJN,2023-10-05 14:00,,,,,,
FVJN,2023-10-05 15:00,,,,,,
FVJN,2023-10-05 16:00,,,,,,
FVJN,2023-10-05 17:00,,,,,,
FVJN,2023-10-06 03:00,,,,,,
FVJN,2023-10-06 04:00,,,,,,
FVJN,2023-10-06 05:00,,,,,,
FVJN,2023-10-06 06:00,,,,,,
FVJN,2023-10-06 08:00,,,,,,
FVJN,2023-10-06 09:00,,,,,,
FVJN,2023-10-06 10:00,,,,,,
FVJN,2023-10-06 11:00,,,,,,
FVJN,2023-10-06 12:00,,,,,,
FVJN,2023-10-06 13:00,,,,,,
FVJN,2023-10-06 14:00,,,,,,
FVJN,2023-10-06 15:00,,,,,,
FVJN,2023-10-06 16:00,,,,,,
FVJN,2023-10-07 03:00,,,,,,
FVJN,2023-10-07 04:00,,,,,,
FVJN,2023-10-07 05:00,,,,,,
FVJN,2023-10-07 06:00,,,,,,
FVJN,2023-10-07 07:00,,,,,,
FVJN,2023-10-07 08:00,,,,,,
FVJN,2023-10-07 09:00,,,,,,
FVJN,2023-10-07 10:00,,,,,,
FVJN,2023-10-07 11:00,,,,,,
FVJN,2023-10-07 12:00,,,,,,
FVJN,2023-10-07 13:00,,,,,,
FVJN,2023-10-07 15:00,,,,,,
FVJN,2023-10-07 16:00,,,,,,
FVJN,2023-10-08 03:00,,,,,,
FVJN,2023-10-08 04:00,,,,,,
FVJN,2023-10-08 05:00,,,,,,
FVJN,2023-10-08 06:00,,,,,,
FVJN,2023-10-08 08:00,,,,,,
FVJN,2023-10-08 09:00,,,,,,
FVJN,2023-10-08 10:00,,,,,,
FVJN,2023-10-08 11:00,,,,,,
FVJN,2023-10-08 12:00,,,,,,
FVJN,2023-10-08 13:00,,,,,,
FVJN,2023-10-08 16:00,,,,,,
FVJN,2023-10-08 17:00,,,,,,
FVJN,2023-10-08 18:00,,,,,,
FVJN,2023-10-09 03:00,,,,,,
FVJN,2023-10-09 04:00,,,,,,
FVJN,2023-10-09 05:00,,,,,,
FVJN,2023-10-09 07:00,,,,,,
FVJN,2023-10-09 08:00,,,,,,
FVJN,2023-10-09 09:00,,,,,,
FVJN,2023-10-09 11:00,,,,,,
FVJN,2023-10-09 12:00,,,,,,
FVJN,2023-10-09 13:00,,,,,,
FVJN,2023-10-09 14:00,,,,,,
FVJN,2023-10-09 15:00,,,,,,
FVJN,2023-10-09 16:00,,,,,,
FVJN,2023-10-10 03:00,,,,,,
FVJN,2023-10-10 04:00,,,,,,
FVJN,2023-10-10 05:00,,,,,,
FVJN,2023-10-10 06:00,,,,,,
FVJN,2023-10-10 07:00,,,,,,
FVJN,2023-10-10 08:00,,,,,,
FVJN,2023-10-10 09:00,,,,,,
FVJN,2023-10-10 10:00,,,,,,
FVJN,2023-10-10 11:00,,,,,,
FVJN,2023-10-10 12:00,,,,,,
FVJN,2023-10-10 13:00,,,,,,
FVJN,2023-10-10 14:00,,,,,,
FVJN,2023-10-10 15:00,,,,,,
FVJN,2023-10-10 16:00,,,,,,
FVJN,2023-10-10 17:00,,,,,,
FVJN,2023-10-10 18:00,,,,,,
FVJN,2023-10-10 19:00,,,,,,
FVJN,2023-10-11 03:00,,,,,,
FVJN,2023-10-11 04:00,,,,,,
FVJN,2023-10-11 05:00,,,,,,
FVJN,2023-10-11 06:00,,,,,,
FVJN,2023-10-11 07:00,,,,,,
FVJN,2023-10-11 08:00,,,,,,
FVJN,2023-10-11 09:00,,,,,,
FVJN,2023-10-11 10:00,,,,,,
FVJN,2023-10-11 12:00,,,,,,
FVJN,2023-10-11 13:00,,,,,,
FVJN,2023-10-11 14:00,,,,,,
FVJN,2023-10-11 15:00,,,,,,
FVJN,2023-10-11 16:00,,,,,,
FVJN,2023-10-11 18:00,,,,,,
FVJN,2023-10-12 03:00,,,,,,
FVJN,2023-10-12 05:00,,,,,,
FVJN,2023-10-12 06:00,,,,,,
FVJN,2023-10-12 07:00,,,,,,
FVJN,2023-10-12 08:00,,,,,,
FVJN,2023-10-12 09:00,,,,,,
FVJN,2023-10-12 10:00,,,,,,
FVJN,2023-10-12 11:00,,,,,,
FVJN,2023-10-12 12:00,,,,,,
FVJN,2023-10-12 13:00,,,,,,
FVJN,2023-10-12 14:00,,,,,,
FVJN,2023-10-12 15:00,,,,,,
FVJN,2023-10-12 16:00,,,,,,
FVJN,2023-10-13 03:00,,,,,,
FVJN,2023-10-13 04:00,,,,,,
FVJN,2023-10-13 05:00,,,,,,
FVJN,2023-10-13 06:00,,,,,,
FVJN,2023-10-13 07:00,,,,,,
FVJN,2023-10-13 08:00,,,,,,
FVJN,2023-10-13 09:00,,,,,,
FVJN,2023-10-13 10:00,,,,,,
FVJN,2023-10-13 11:00,,,,,,
FVJN,2023-10-13 12:00,,,,,,
FVJN,2023-10-13 13:00,,,,,,
FVJN,2023-10-13 14:00,,,,,,
FVJN,2023-10-13 15:00,,,,,,
FVJN,2023-10-14 03:00,,,,,,
FVJN,2023-10-14 06:00,,,,,,
FVJN,2023-10-14 07:00,,,,,,
FVJN,2023-10-14 08:00,,,,,,
FVJN,2023-10-14 10:00,,,,,,
FVJN,2023-10-14 11:00,,,,,,
FVJN,2023-10-14 12:00,SCT,,,6000.00,,
FVJN,2023-10-14 13:00,SCT,,,6000.00,,
FVJN,2023-10-14 14:00,SCT,,,6000.00,,
FVJN,2023-10-14 15:00,FEW,BKN,,5000.00,6000.00,
FVJN,2023-10-14 16:00,FEW,SCT,BKN,5000.00,6000.00,9000.00
FVJN,2023-10-15 03:00,,,,,,
FVJN,2023-10-15 04:00,FEW,,,800.00,,
FVJN,2023-10-15 05:00,NSC,,,,,
FVJN,2023-10-15 06:00,,,,,,
FVJN,2023-10-15 07:00,,,,,,
FVJN,2023-10-15 08:00,,,,,,
FVJN,2023-10-15 09:00,FEW,,,4000.00,,
FVJN,2023-10-15 10:00,,,,,,
FVJN,2023-10-15 11:00,SCT,,,6000.00,,
FVJN,2023-10-15 12:00,SCT,,,6000.00,,
FVJN,2023-10-15 13:00,FEW,SCT,,5000.00,6000.00,
FVJN,2023-10-15 14:00,FEW,BKN,,5000.00,8000.00,
FVJN,2023-10-15 15:00,FEW,BKN,,5000.00,8000.00,
FVJN,2023-10-15 16:00,FEW,FEW,BKN,1000.00,5000.00,8000.00
FVJN,2023-10-16 03:00,FEW,BKN,,3000.00,8000.00,
FVJN,2023-10-16 04:00,FEW,BKN,,3000.00,8000.00,
FVJN,2023-10-16 05:00,FEW,FEW,BKN,800.00,3000.00,8000.00
FVJN,2023-10-16 06:00,FEW,BKN,,800.00,8000.00,
FVJN,2023-10-16 07:00,FEW,BKN,,800.00,8000.00,
FVJN,2023-10-16 08:00,FEW,BKN,,800.00,8000.00,
FVJN,2023-10-16 09:00,FEW,BKN,,1000.00,8000.00,
FVJN,2023-10-16 10:00,FEW,BKN,,1500.00,8000.00,
FVJN,2023-10-16 11:00,FEW,BKN,,2000.00,8000.00,
FVJN,2023-10-16 14:00,FEW,BKN,,,8000.00,
FVJN,2023-10-16 16:00,FEW,BKN,,4000.00,8000.00,
FVJN,2023-10-17 03:00,,,,,,
FVJN,2023-10-17 04:00,BKN,,,500.00,,
FVJN,2023-10-17 07:00,,,,,,
FVJN,2023-10-17 08:00,BKN,,,3800.00,,
FVJN,2023-10-17 10:00,BKN,,,4500.00,,
FVJN,2023-10-17 12:00,FEW,BKN,,3000.00,3500.00,
FVJN,2023-10-17 13:00,FEW,SCT,,,4000.00,
FVJN,2023-10-17 15:00,SCT,,,4000.00,,
FVJN,2023-10-17 16:00,FEW,,,2000.00,,
FVJN,2023-10-18 07:00,FEW,,,2500.00,,
FVJN,2023-10-18 08:00,FEW,,,3500.00,,
FVJN,2023-10-18 10:00,,,,,,
FVJN,2023-10-18 11:00,,,,,,
FVJN,2023-10-18 12:00,,,,,,
FVJN,2023-10-18 13:00,,,,,,
FVJN,2023-10-18 14:00,,,,,,
FVJN,2023-10-18 15:00,,,,,,
FVJN,2023-10-18 16:00,,,,,,
FVJN,2023-10-19 04:00,,,,,,
FVJN,2023-10-19 05:00,FEW,,,700.00,,
FVJN,2023-10-19 06:00,,,,,,
FVJN,2023-10-19 07:00,,,,,,
FVJN,2023-10-19 09:00,,,,,,
FVJN,2023-10-19 10:00,,,,,,
FVJN,2023-10-19 12:00,,,,,,
FVJN,2023-10-19 13:00,,,,,,
FVJN,2023-10-19 15:00,,,,,,
FVJN,2023-10-19 16:00,,,,,,
FVJN,2023-10-20 04:00,,,,,,
FVJN,2023-10-20 05:00,,,,,,
FVJN,2023-10-20 06:00,,,,,,
FVJN,2023-10-20 07:00,,,,,,
FVJN,2023-10-20 08:00,,,,,,
FVJN,2023-10-20 09:00,,,,,,
FVJN,2023-10-20 10:00,,,,,,
FVJN,2023-10-20 11:00,,,,,,
FVJN,2023-10-20 12:00,,,,,,
FVJN,2023-10-20 13:00,,,,,,
FVJN,2023-10-20 14:00,,,,,,
FVJN,2023-10-20 15:00,,,,,,
FVJN,2023-10-20 16:00,,,,,,
FVJN,2023-10-21 03:00,,,,,,
FVJN,2023-10-21 04:00,,,,,,
FVJN,2023-10-21 05:00,,,,,,
FVJN,2023-10-21 06:00,,,,,,
FVJN,2023-10-21 07:00,,,,,,
FVJN,2023-10-22 11:00,,,,,,
FVJN,2023-10-22 12:00,,,,,,
FVJN,2023-10-22 13:00,SCT,,,6000.00,,
FVJN,2023-10-22 14:00,FEW,SCT,,5000.00,6000.00,
FVJN,2023-10-22 15:00,FEW,SCT,,5000.00,6000.00,
FVJN,2023-10-23 06:00,FEW,,,3000.00,,
FVJN,2023-10-23 07:00,,,,,,
FVJN,2023-10-23 08:00,FEW,,,4000.00,,
FVJN,2023-10-23 10:00,,,,,,
FVJN,2023-10-23 13:00,SCT,SCT,,6000.00,9000.00,
FVJN,2023-10-23 14:00,FEW,SCT,,4000.00,6000.00,
FVJN,2023-10-23 15:00,,,,,,
FVJN,2023-10-23 16:00,,,,,,
FVJN,2023-10-24 04:00,FEW,,,800.00,,
FVJN,2023-10-24 05:00,,,,,,
FVJN,2023-10-24 06:00,,,,,,
FVJN,2023-10-24 09:00,,,,,,
FVJN,2023-10-24 10:00,,,,,,
FVJN,2023-10-24 11:00,,,,,,
FVJN,2023-10-24 12:00,,,,,,
FVJN,2023-10-24 16:00,FEW,BKN,,8000.00,30000.00,
FVJN,2023-10-25 03:00,,,,,,
FVJN,2023-10-25 04:00,,,,,,
FVJN,2023-10-25 06:00,,,,,,
FVJN,2023-10-25 07:00,,,,,,
FVJN,2023-10-25 08:00,,,,,,
FVJN,2023-10-25 09:00,,,,,,
FVJN,2023-10-25 10:00,,,,,,
FVJN,2023-10-25 12:00,,,,,,
FVJN,2023-10-25 13:00,FEW,SCT,,7000.00,8000.00,
FVJN,2023-10-25 14:00,FEW,,,7000.00,,
FVJN,2023-10-25 15:00,FEW,SCT,,7000.00,30000.00,
FVJN,2023-10-25 16:00,FEW,SCT,,7000.00,8000.00,
FVJN,2023-10-26 07:00,,,,,,
FVJN,2023-10-26 09:00,,,,,,
FVJN,2023-10-26 10:00,,,,,,
FVJN,2023-10-26 11:00,,,,,,
FVJN,2023-10-26 12:00,,,,,,
FVJN,2023-10-26 13:00,,,,,,
FVJN,2023-10-26 14:00,,,,,,
FVJN,2023-10-26 15:00,,,,,,
FVJN,2023-10-26 16:00,,,,,,
FVJN,2023-10-27 04:00,,,,,,
FVJN,2023-10-27 05:00,,,,,,
FVJN,2023-10-27 06:00,,,,,,
FVJN,2023-10-27 07:00,,,,,,
FVJN,2023-10-27 08:00,,,,,,
FVJN,2023-10-27 09:00,,,,,,
FVJN,2023-10-27 10:00,,,,,,
FVJN,2023-10-27 12:00,,,,,,
FVJN,2023-10-27 13:00,,,,,,
FVJN,2023-10-27 14:00,,,,,,
FVJN,2023-10-27 15:00,,,,,,
FVJN,2023-10-27 16:00,,,,,,
FVJN,2023-10-28 04:00,,,,,,
FVJN,2023-10-28 05:00,,,,,,
FVJN,2023-10-28 06:00,,,,,,
FVJN,2023-10-28 07:00,,,,,,
FVJN,2023-10-28 08:00,,,,,,
FVJN,2023-10-28 10:00,,,,,,
FVJN,2023-10-28 11:00,,,,,,
FVJN,2023-10-28 12:00,,,,,,
FVJN,2023-10-28 13:00,,,,,,
FVJN,2023-10-28 14:00,,,,,,
FVJN,2023-10-28 15:00,,,,,,
FVJN,2023-10-28 16:00,,,,,,
FVJN,2023-10-29 03:00,,,,,,
FVJN,2023-10-29 04:00,,,,,,
FVJN,2023-10-29 07:00,,,,,,
FVJN,2023-10-29 08:00,,,,,,
FVJN,2023-10-29 09:00,FEW,,,8000.00,,
FVJN,2023-10-29 10:00,BKN,,,8000.00,,
FVJN,2023-10-29 11:00,BKN,,,8000.00,,
FVJN,2023-10-29 12:00,FEW,BKN,,,8000.00,
FVJN,2023-10-29 13:00,FEW,BKN,,7000.00,30000.00,
FVJN,2023-10-29 15:00,FEW,BKN,,6000.00,10000.00,
FVJN,2023-10-30 03:00,OVC,,,700.00,,
FVJN,2023-10-30 04:00,OVC,,,700.00,,
FVJN,2023-10-30 05:00,OVC,,,800.00,,
FVJN,2023-10-30 06:00,SCT,BKN,,1200.00,12000.00,
FVJN,2023-10-30 07:00,BKN,,,1600.00,,
FVJN,2023-10-30 09:00,BKN,,,1600.00,,
FVJN,2023-10-30 10:00,BKN,,,1600.00,,
FVJN,2023-10-30 11:00,BKN,,,1600.00,,
FVJN,2023-10-30 12:00,BKN,,,2000.00,,
FVJN,2023-10-30 13:00,BKN,,,2000.00,,
FVJN,2023-10-30 14:00,SCT,BKN,,2000.00,8000.00,
FVJN,2023-10-30 15:00,SCT,BKN,,800.00,8000.00,
FVJN,2023-11-05 14:00,SCT,,,6000.00,,
FVJN,2023-11-05 15:00,SCT,,,6000.00,,
FVJN,2023-11-05 16:00,,,,,,
FVJN,2023-11-06 03:00,,,,,,
FVJN,2023-11-06 04:00,,,,,,
FVJN,2023-11-06 05:00,,,,,,
FVJN,2023-11-06 06:00,,,,,,
FVJN,2023-11-06 07:00,,,,,,
FVJN,2023-11-06 08:00,,,,,,
FVJN,2023-11-06 09:00,,,,,,
FVJN,2023-11-06 12:00,,,,,,
FVJN,2023-11-06 13:00,,,,,,
FVJN,2023-11-06 14:00,,,,,,
FVJN,2023-11-06 15:00,,,,,,
FVJN,2023-11-07 03:00,,,,,,
FVJN,2023-11-07 04:00,,,,,,
FVJN,2023-11-07 05:00,,,,,,
FVJN,2023-11-07 06:00,,,,,,
FVJN,2023-11-07 07:00,,,,,,
FVJN,2023-11-07 08:00,,,,,,
FVJN,2023-11-07 09:00,,,,,,
FVJN,2023-11-07 10:00,,,,,,
FVJN,2023-11-07 11:00,,,,,,
FVJN,2023-11-07 12:00,,,,,,
FVJN,2023-11-07 13:00,,,,,,
FVJN,2023-11-08 03:00,,,,,,
FVJN,2023-11-08 04:00,,,,,,
FVJN,2023-11-08 05:00,,,,,,
FVJN,2023-11-08 06:00,,,,,,
FVJN,2023-11-08 08:00,FEW,,,3000.00,,
FVJN,2023-11-08 09:00,FEW,,,3000.00,,
FVJN,2023-11-08 10:00,FEW,,,3500.00,,
FVJN,2023-11-08 11:00,FEW,,,3500.00,,
FVJN,2023-11-08 12:00,FEW,,,4000.00,,
FVJN,2023-11-08 13:00,FEW,,,4500.00,,
FVJN,2023-11-08 14:00,FEW,,,4500.00,,
FVJN,2023-11-08 15:00,FEW,,,4500.00,,
FVJN,2023-11-09 03:00,BKN,,,1000.00,,
FVJN,2023-11-09 04:00,FEW,,,1000.00,,
FVJN,2023-11-09 05:00,FEW,,,1500.00,,
FVJN,2023-11-09 06:00,FEW,,,2000.00,,
FVJN,2023-11-09 07:00,,,,,,
FVJN,2023-11-09 08:00,,,,,,
FVJN,2023-11-09 09:00,,,,,,
FVJN,2023-11-09 10:00,,,,,,
FVJN,2023-11-09 11:00,,,,,,
FVJN,2023-11-09 12:00,,,,,,
FVJN,2023-11-09 13:00,,,,,,
FVJN,2023-11-09 14:00,,,,,,
FVJN,2023-11-09 15:00,,,,,,
FVJN,2023-11-09 16:00,,,,,,
FVJN,2023-11-10 03:00,,,,,,
FVJN,2023-11-10 04:00,,,,,,
FVJN,2023-11-10 06:00,,,,,,
FVJN,2023-11-10 07:00,,,,,,
FVJN,2023-11-10 08:00,,,,,,
FVJN,2023-11-10 09:00,,,,,,
FVJN,2023-11-10 10:00,,,,,,
FVJN,2023-11-10 12:00,,,,,,
FVJN,2023-11-10 13:00,,,,,,
FVJN,2023-11-10 14:00,,,,,,
FVJN,2023-11-10 15:00,,,,,,
FVJN,2023-11-10 16:00,,,,,,
FVJN,2023-11-11 03:00,,,,,,
FVJN,2023-11-11 05:00,,,,,,
FVJN,2023-11-11 06:00,,,,,,
FVJN,2023-11-11 07:00,,,,,,
FVJN,2023-11-11 09:00,,,,,,
FVJN,2023-11-11 11:00,,,,,,
FVJN,2023-11-11 12:00,,,,,,
FVJN,2023-11-11 13:00,,,,,,
FVJN,2023-11-11 15:00,,,,,,
FVJN,2023-11-12 03:00,,,,,,
FVJN,2023-11-12 04:00,,,,,,
FVJN,2023-11-12 05:00,,,,,,
FVJN,2023-11-12 06:00,,,,,,
FVJN,2023-11-12 07:00,,,,,,
FVJN,2023-11-12 09:00,,,,,,
FVJN,2023-11-12 10:00,,,,,,
FVJN,2023-11-12 11:00,,,,,,
FVJN,2023-11-12 12:00,,,,,,
FVJN,2023-11-13 08:00,,,,,,
FVJN,2023-11-13 09:00,,,,,,
FVJN,2023-11-13 10:00,,,,,,
FVJN,2023-11-13 11:00,,,,,,
FVJN,2023-11-13 12:00,,,,,,
FVJN,2023-11-13 15:00,,,,,,
FVJN,2023-11-13 16:00,,,,,,
FVJN,2023-11-14 05:00,,,,,,
FVJN,2023-11-14 06:00,,,,,,
FVJN,2023-11-14 07:00,FEW,,,3000.00,,
FVJN,2023-11-14 09:00,BKN,,,3000.00,,
FVJN,2023-11-14 10:00,BKN,,,3000.00,,
FVJN,2023-11-14 11:00,BKN,,,4000.00,,
FVJN,2023-11-14 13:00,,,,,,
FVJN,2023-11-14 14:00,,,,,,
FVJN,2023-11-14 15:00,,,,,,
FVJN,2023-11-14 16:00,,,,,,
FVJN,2023-11-15 03:00,OVC,,,800.00,,
FVJN,2023-11-15 04:00,OVC,,,800.00,,
FVJN,2023-11-15 05:00,OVC,,,1200.00,,
FVJN,2023-11-15 06:00,BKN,,,1500.00,,
FVJN,2023-11-15 12:00,,,,,,
FVJN,2023-11-15 13:00,,,,,,
FVJN,2023-11-15 14:00,,,,,,
FVJN,2023-11-15 15:00,,,,,,
FVJN,2023-11-15 16:00,,,,,,
FVJN,2023-11-16 03:00,,,,,,
FVJN,2023-11-16 04:00,,,,,,
FVJN,2023-11-16 05:00,,,,,,
FVJN,2023-11-16 06:00,,,,,,
FVJN,2023-11-16 07:00,,,,,,
FVJN,2023-11-16 08:00,,,,,,
FVJN,2023-11-16 09:00,,,,,,
FVJN,2023-11-16 10:00,,,,,,
FVJN,2023-11-16 11:00,,,,,,
FVJN,2023-11-16 12:00,,,,,,
FVJN,2023-11-16 13:00,,,,,,
FVJN,2023-11-16 15:00,,,,,,
FVJN,2023-11-16 16:00,,,,,,
FVJN,2023-11-17 03:00,,,,,,
FVJN,2023-11-17 04:00,,,,,,
FVJN,2023-11-17 05:00,,,,,,
FVJN,2023-11-17 06:00,,,,,,
FVJN,2023-11-17 07:00,,,,,,
FVJN,2023-11-17 08:00,,,,,,
FVJN,2023-11-17 09:00,,,,,,
FVJN,2023-11-17 10:00,,,,,,
FVJN,2023-11-17 11:00,,,,,,
FVJN,2023-11-17 12:00,,,,,,
FVJN,2023-11-17 13:00,,,,,,
FVJN,2023-11-17 14:00,,,,,,
FVJN,2023-11-17 15:00,,,,,,
FVJN,2023-11-17 16:00,,,,,,
FVJN,2023-11-18 03:00,,,,,,
FVJN,2023-11-18 04:00,,,,,,
FVJN,2023-11-18 05:00,,,,,,
FVJN,2023-11-18 06:00,,,,,,
FVJN,2023-11-18 07:00,,,,,,
FVJN,2023-11-18 08:00,,,,,,
FVJN,2023-11-18 09:00,,,,,,
FVJN,2023-11-18 10:00,,,,,,
FVJN,2023-11-18 12:00,,,,,,
FVJN,2023-11-18 13:00,,,,,,
FVJN,2023-11-18 14:00,,,,,,
FVJN,2023-11-19 03:00,,,,,,
FVJN,2023-11-19 04:00,,,,,,
FVJN,2023-11-19 06:00,,,,,,
FVJN,2023-11-19 07:00,,,,,,
FVJN,2023-11-19 08:00,,,,,,
FVJN,2023-11-19 09:00,,,,,,
FVJN,2023-11-19 12:00,,,,,,
FVJN,2023-11-19 13:00,,,,,,
FVJN,2023-11-19 14:00,,,,,,
FVJN,2023-11-19 15:00,,,,,,
FVJN,2023-11-19 16:00,,,,,,
FVJN,2023-11-20 03:00,OVC,,,9000.00,,
FVJN,2023-11-20 04:00,OVC,,,8000.00,,
FVJN,2023-11-20 05:00,,,,,,
FVJN,2023-11-20 06:00,,,,,,
FVJN,2023-11-20 07:00,BKN,,,10000.00,,
FVJN,2023-11-20 08:00,,,,,,
FVJN,2023-11-20 09:00,,,,,,
FVJN,2023-11-20 10:00,,,,,,
FVJN,2023-11-20 11:00,,,,,,
FVJN,2023-11-20 12:00,,,,,,
FVJN,2023-11-20 13:00,FEW,SCT,,8000.00,9000.00,
FVJN,2023-11-20 14:00,FEW,BKN,,8000.00,9000.00,
FVJN,2023-11-20 16:00,FEW,BKN,,9000.00,30000.00,
FVJN,2023-11-21 04:00,,,,,,
FVJN,2023-11-21 05:00,,,,,,
FVJN,2023-11-21 06:00,BKN,,,12000.00,,
FVJN,2023-11-21 08:00,,,,,,
FVJN,2023-11-21 09:00,,,,,,
FVJN,2023-11-21 10:00,,,,,,
FVJN,2023-11-21 11:00,FEW,BKN,,6000.00,7000.00,
FVJN,2023-11-21 12:00,FEW,SCT,BKN,6000.00,7000.00,10000.00
FVJN,2023-11-21 13:00,FEW,SCT,,6000.00,10000.00,
FVJN,2023-11-21 14:00,FEW,BKN,,6000.00,7000.00,
FVJN,2023-11-21 15:00,FEW,BKN,,6000.00,10000.00,
FVJN,2023-11-22 03:00,,,,,,
FVJN,2023-11-22 04:00,,,,,,
FVJN,2023-11-22 05:00,,,,,,
FVJN,2023-11-22 06:00,,,,,,
FVJN,2023-11-22 07:00,,,,,,
FVJN,2023-11-22 08:00,,,,,,
FVJN,2023-11-22 09:00,,,,,,
FVJN,2023-11-22 10:00,,,,,,
FVJN,2023-11-22 11:00,,,,,,
FVJN,2023-11-22 12:00,,,,,,
FVJN,2023-11-22 13:00,SCT,,,6000.00,,
FVJN,2023-11-22 14:00,FEW,,,6000.00,,
FVJN,2023-11-22 15:00,,,,,,
FVJN,2023-11-22 16:00,,,,,,
FVJN,2023-11-23 04:00,,,,,,
FVJN,2023-11-23 05:00,,,,,,
FVJN,2023-11-23 06:00,,,,,,
FVJN,2023-11-23 07:00,,,,,,
FVJN,2023-11-23 08:00,,,,,,
FVJN,2023-11-23 09:00,,,,,,
FVJN,2023-11-23 12:00,,,,,,
FVJN,2023-11-24 03:00,,,,,,
FVJN,2023-11-24 04:00,,,,,,
FVJN,2023-11-24 05:00,,,,,,
FVJN,2023-11-24 06:00,,,,,,
FVJN,2023-11-24 07:00,,,,,,
FVJN,2023-11-24 08:00,,,,,,
FVJN,2023-11-24 10:00,,,,,,
FVJN,2023-11-24 11:00,,,,,,
FVJN,2023-11-24 12:00,,,,,,
FVJN,2023-11-24 13:00,FEW,,,9000.00,,
FVJN,2023-11-24 16:00,,,,,,
FVJN,2023-11-24 17:00,,,,,,
FVJN,2023-11-24 18:00,,,,,,
FVJN,2023-11-24 19:00,,,,,,
FVJN,2023-11-25 04:00,,,,,,
FVJN,2023-11-25 05:00,,,,,,
FVJN,2023-11-25 06:00,,,,,,
FVJN,2023-11-25 07:00,,,,,,
FVJN,2023-11-25 08:00,,,,,,
FVJN,2023-11-25 09:00,,,,,,
FVJN,2023-11-25 10:00,,,,,,
FVJN,2023-11-25 11:00,,,,,,
FVJN,2023-11-25 13:00,SCT,,,8000.00,,
FVJN,2023-11-25 15:00,SCT,,,8000.00,,
FVJN,2023-11-25 16:00,FEW,,,8000.00,,
FVJN,2023-11-25 18:00,FEW,,,7000.00,,
FVJN,2023-11-26 03:00,,,,,,
FVJN,2023-11-26 04:00,,,,,,
FVJN,2023-11-26 05:00,,,,,,
FVJN,2023-11-26 06:00,,,,,,
FVJN,2023-11-26 07:00,,,,,,
FVJN,2023-11-26 09:00,,,,,,
FVJN,2023-11-26 11:00,,,,,,
FVJN,2023-11-26 12:00,,,,,,
FVJN,2023-11-26 13:00,,,,,,
FVJN,2023-11-26 15:00,FEW,SCT,,4500.00,5000.00,
FVJN,2023-11-26 16:00,FEW,,,4500.00,,
FVJN,2023-11-27 04:00,,,,,,
FVJN,2023-11-27 05:00,,,,,,
FVJN,2023-11-27 06:00,,,,,,
FVJN,2023-11-27 07:00,,,,,,
FVJN,2023-11-27 09:00,,,,,,
FVJN,2023-11-27 10:00,,,,,,
FVJN,2023-11-27 13:00,,,,,,
FVJN,2023-11-27 14:00,,,,,,
FVJN,2023-11-27 15:00,,,,,,
FVJN,2023-11-27 16:00,,,,,,
FVJN,2023-11-28 03:00,,,,,,
FVJN,2023-11-28 04:00,,,,,,
FVJN,2023-11-28 05:00,,,,,,
FVJN,2023-11-28 06:00,,,,,,
FVJN,2023-11-28 07:00,,,,,,
FVJN,2023-11-28 09:00,,,,,,
FVJN,2023-11-28 10:00,,,,,,
FVJN,2023-11-28 11:00,,,,,,
FVJN,2023-11-28 13:00,,,,,,
FVJN,2023-11-28 15:00,,,,,,
FVJN,2023-11-28 16:00,,,,,,
FVJN,2023-11-29 03:00,,,,,,
FVJN,2023-11-29 04:00,,,,,,
FVJN,2023-11-29 06:00,,,,,,
FVJN,2023-11-29 08:00,,,,,,
FVJN,2023-11-29 09:00,,,,,,
FVJN,2023-11-29 12:00,FEW,SCT,BKN,4000.00,5000.00,9000.00
FVJN,2023-11-29 13:00,FEW,SCT,BKN,4000.00,5000.00,9000.00
FVJN,2023-11-29 14:00,FEW,SCT,BKN,4000.00,5000.00,9000.00
FVJN,2023-11-29 15:00,FEW,BKN,,4000.00,9000.00,
FVJN,2023-11-29 16:00,FEW,BKN,,4000.00,9000.00,
FVJN,2023-11-30 04:00,OVC,,,600.00,,
FVJN,2023-12-05 08:00,,,,,,
FVJN,2023-12-05 09:00,,,,,,
FVJN,2023-12-05 10:00,,,,,,
FVJN,2023-12-05 12:00,,,,,,
FVJN,2023-12-05 13:00,,,,,,
FVJN,2023-12-05 14:00,,,,,,
FVJN,2023-12-05 16:00,,,,,,
FVJN,2023-12-06 03:00,,,,,,
FVJN,2023-12-06 04:00,,,,,,
FVJN,2023-12-06 06:00,,,,,,
FVJN,2023-12-06 07:00,,,,,,
FVJN,2023-12-06 08:00,,,,,,
FVJN,2023-12-06 09:00,,,,,,
FVJN,2023-12-06 10:00,,,,,,
FVJN,2023-12-06 11:00,,,,,,
FVJN,2023-12-06 12:00,,,,,,
FVJN,2023-12-06 13:00,FEW,,,6000.00,,
FVJN,2023-12-06 14:00,FEW,,,5000.00,,
FVJN,2023-12-06 15:00,FEW,,,5000.00,,
FVJN,2023-12-06 16:00,,,,,,
FVJN,2023-12-07 04:00,,,,,,
FVJN,2023-12-07 05:00,,,,,,
FVJN,2023-12-07 06:00,,,,,,
FVJN,2023-12-07 07:00,,,,,,
FVJN,2023-12-07 08:00,,,,,,
FVJN,2023-12-07 09:00,,,,,,
FVJN,2023-12-07 10:00,,,,,,
FVJN,2023-12-07 13:00,,,,,,
FVJN,2023-12-07 14:00,,,,,,
FVJN,2023-12-07 15:00,,,,,,
FVJN,2023-12-07 16:00,,,,,,
FVJN,2023-12-08 03:00,,,,,,
FVJN,2023-12-08 04:00,,,,,,
FVJN,2023-12-08 05:00,,,,,,
FVJN,2023-12-08 06:00,,,,,,
FVJN,2023-12-08 07:00,,,,,,
FVJN,2023-12-08 09:00,,,,,,
FVJN,2023-12-08 11:00,,,,,,
FVJN,2023-12-08 12:00,,,,,,
FVJN,2023-12-08 15:00,FEW,SCT,,7000.00,8000.00,
FVJN,2023-12-09 04:00,,,,,,
FVJN,2023-12-09 05:00,,,,,,
FVJN,2023-12-09 06:00,,,,,,
FVJN,2023-12-09 07:00,,,,,,
FVJN,2023-12-09 09:00,,,,,,
FVJN,2023-12-09 10:00,,,,,,
FVJN,2023-12-09 12:00,FEW,SCT,,8000.00,10000.00,
FVJN,2023-12-09 13:00,FEW,,,8000.00,,
FVJN,2023-12-09 15:00,FEW,BKN,,7000.00,30000.00,
FVJN,2023-12-10 04:00,FEW,BKN,,5000.00,7000.00,
FVJN,2023-12-10 06:00,FEW,BKN,,5000.00,7000.00,
FVJN,2023-12-10 07:00,OVC,,,7000.00,,
FVJN,2023-12-10 08:00,FEW,BKN,,2000.00,9000.00,
FVJN,2023-12-10 10:00,FEW,BKN,,3000.00,10000.00,
FVJN,2023-12-10 11:00,FEW,,,3500.00,,
FVJN,2023-12-10 12:00,FEW,,,3500.00,,
FVJN,2023-12-10 13:00,FEW,BKN,,3500.00,10000.00,
FVJN,2023-12-10 14:00,FEW,BKN,,3500.00,9000.00,
FVJN,2023-12-10 15:00,FEW,BKN,,3500.00,9000.00,
FVJN,2023-12-10 16:00,FEW,FEW,BKN,1000.00,3500.00,9000.00
FVJN,2023-12-11 03:00,FEW,OVC,,800.00,8000.00,
FVJN,2023-12-11 06:00,FEW,BKN,,1000.00,8000.00,
FVJN,2023-12-11 08:00,SCT,OVC,,1000.00,8000.00,
FVJN,2023-12-11 09:00,FEW,BKN,,1200.00,8000.00,
FVJN,2023-12-11 10:00,SCT,BKN,,1200.00,8000.00,
FVJN,2023-12-11 12:00,FEW,BKN,,1500.00,9000.00,
FVJN,2023-12-11 13:00,FEW,BKN,,2000.00,9000.00,
FVJN,2023-12-11 14:00,FEW,BKN,,2000.00,9000.00,
FVJN,2023-12-11 15:00,FEW,BKN,,2000.00,9000.00,
FVJN,2023-12-12 03:00,,,,,,
FVJN,2023-12-12 04:00,,,,,,
FVJN,2023-12-12 05:00,,,,,,
FVJN,2023-12-12 06:00,,,,,,
FVJN,2023-12-12 07:00,,,,,,
FVJN,2023-12-12 08:00,,,,,,
FVJN,2023-12-12 09:00,FEW,BKN,,4000.00,9000.00,
FVJN,2023-12-12 10:00,FEW,,,4000.00,,
FVJN,2023-12-12 11:00,FEW,SCT,,4000.00,5000.00,
FVJN,2023-12-12 12:00,FEW,SCT,,4000.00,5000.00,
FVJN,2023-12-12 13:00,FEW,SCT,,4000.00,5000.00,
FVJN,2023-12-12 14:00,FEW,SCT,,4000.00,5000.00,
FVJN,2023-12-12 15:00,FEW,SCT,,4000.00,5000.00,
FVJN,2023-12-12 16:00,FEW,BKN,,4000.00,9000.00,
FVJN,2023-12-13 03:00,FEW,BKN,,2000.00,9000.00,
FVJN,2023-12-13 04:00,FEW,SCT,BKN,1500.00,2000.00,9000.00
FVJN,2023-12-13 05:00,FEW,SCT,BKN,1500.00,2000.00,9000.00
FVJN,2023-12-13 06:00,FEW,SCT,BKN,2000.00,3000.00,9000.00
FVJN,2023-12-13 07:00,FEW,BKN,,2000.00,9000.00,
FVJN,2023-12-13 08:00,FEW,BKN,,2000.00,9000.00,
FVJN,2023-12-13 10:00,SCT,,,3000.00,,
FVJN,2023-12-13 11:00,FEW,SCT,,3500.00,4000.00,
FVJN,2023-12-13 12:00,FEW,SCT,,3500.00,4000.00,
FVJN,2023-12-13 14:00,FEW,,,3500.00,,
FVJN,2023-12-13 16:00,FEW,BKN,,3500.00,30000.00,
FVJN,2023-12-13 18:00,FEW,BKN,,3500.00,30000.00,
FVJN,2023-12-14 03:00,,,,,,
FVJN,2023-12-14 04:00,,,,,,
FVJN,2023-12-14 05:00,FEW,,,1000.00,,
FVJN,2023-12-14 06:00,FEW,,,2000.00,,
FVJN,2023-12-14 07:00,BKN,,,2500.00,,
FVJN,2023-12-14 08:00,BKN,,,3000.00,,
FVJN,2023-12-14 09:00,BKN,,,3500.00,,
FVJN,2023-12-14 12:00,,,,,,
FVJN,2023-12-14 15:00,FEW,FEW,SCT,2000.00,3500.00,7000.00
FVJN,2023-12-15 03:00,OVC,,,7000.00,,
FVJN,2023-12-15 06:00,,,,,,
FVJN,2023-12-15 08:00,FEW,BKN,,2000.00,9000.00,
FVJN,2023-12-15 09:00,SCT,BKN,,2500.00,9000.00,
FVJN,2023-12-15 10:00,SCT,SCT,,3000.00,9000.00,
FVJN,2023-12-15 13:00,FEW,SCT,,3000.00,3500.00,
FVJN,2023-12-15 14:00,FEW,BKN,,3000.00,3500.00,
FVJN,2023-12-15 16:00,FEW,SCT,BKN,3000.00,3500.00,8000.00
FVJN,2023-12-16 04:00,,,,,,
FVJN,2023-12-16 06:00,FEW,BKN,,1000.00,30000.00,
FVJN,2023-12-16 07:00,,,,,,
FVJN,2023-12-16 08:00,FEW,BKN,,4000.00,30000.00,
FVJN,2023-12-16 09:00,SCT,,,4500.00,,
FVJN,2023-12-16 10:00,,,,,,
FVJN,2023-12-16 11:00,SCT,,,5000.00,,
FVJN,2023-12-16 12:00,FEW,SCT,BKN,3000.00,4000.00,8000.00
FVJN,2023-12-16 13:00,FEW,SCT,BKN,3000.00,4000.00,8000.00
FVJN,2023-12-16 14:00,FEW,SCT,BKN,3000.00,4000.00,9000.00
FVJN,2023-12-16 15:00,FEW,SCT,OVC,3000.00,4000.00,9000.00
FVJN,2023-12-16 16:00,FEW,SCT,OVC,3000.00,4000.00,9000.00
FVJN,2023-12-17 03:00,,,,,,
FVJN,2023-12-17 04:00,FEW,SCT,BKN,1000.00,9000.00,30000.00
FVJN,2023-12-17 05:00,FEW,SCT,BKN,1000.00,9000.00,30000.00
FVJN,2023-12-17 06:00,FEW,BKN,,1000.00,30000.00,
FVJN,2023-12-17 07:00,FEW,SCT,,2000.00,30000.00,
FVJN,2023-12-17 10:00,,,,,,
FVJN,2023-12-17 11:00,BKN,,,5000.00,,
FVJN,2023-12-17 12:00,FEW,BKN,,4000.00,5000.00,
FVJN,2023-12-17 13:00,FEW,BKN,,4000.00,5000.00,
FVJN,2023-12-17 14:00,FEW,SCT,BKN,4000.00,5000.00,9000.00
FVJN,2023-12-17 15:00,FEW,SCT,BKN,4000.00,5000.00,9000.00
FVJN,2023-12-17 16:00,FEW,BKN,,4000.00,9000.00,
FVJN,2023-12-18 03:00,BKN,,,9000.00,,
FVJN,2023-12-18 04:00,,,,,,
FVJN,2023-12-18 05:00,FEW,BKN,,600.00,9000.00,
FVJN,2023-12-18 06:00,FEW,BKN,,800.00,9000.00,
FVJN,2023-12-18 07:00,FEW,,,1500.00,,
FVJN,2023-12-18 08:00,SCT,,,2500.00,,
FVJN,2023-12-18 09:00,SCT,,,3000.00,,
FVJN,2023-12-18 10:00,BKN,,,3500.00,,
FVJN,2023-12-18 13:00,FEW,SCT,,4000.00,4500.00,
FVJN,2023-12-19 04:00,FEW,BKN,,2000.00,8000.00,
FVJN,2023-12-19 06:00,FEW,BKN,,2000.00,8000.00,
FVJN,2023-12-19 09:00,FEW,FEW,SCT,1000.00,2500.00,8000.00
FVJN,2023-12-19 10:00,FEW,FEW,SCT,1000.00,2500.00,8000.00
FVJN,2023-12-19 12:00,FEW,BKN,,2500.00,30000.00,
FVJN,2023-12-19 13:00,FEW,BKN,,2500.00,30000.00,
FVJN,2023-12-19 14:00,FEW,BKN,,3000.00,30000.00,
FVJN,2023-12-19 15:00,FEW,BKN,,3000.00,30000.00,
FVJN,2023-12-20 03:00,SCT,BKN,,900.00,30000.00,
FVJN,2023-12-20 04:00,SCT,BKN,,900.00,30000.00,
FVJN,2023-12-20 05:00,SCT,SCT,,1500.00,30000.00,
FVJN,2023-12-20 06:00,BKN,,,1500.00,,
FVJN,2023-12-20 07:00,,,,,,
FVJN,2023-12-20 08:00,,,,,,
FVJN,2023-12-20 09:00,BKN,,,3500.00,,
FVJN,2023-12-20 10:00,BKN,,,3500.00,,
FVJN,2023-12-20 11:00,BKN,,,4000.00,,
FVJN,2023-12-20 13:00,SCT,,,4500.00,,
FVJN,2023-12-20 14:00,,,,,,
FVJN,2023-12-20 15:00,,,,,,
FVJN,2023-12-20 16:00,,,,,,
FVJN,2023-12-21 03:00,,,,,,
FVJN,2023-12-21 05:00,,,,,,
FVJN,2023-12-21 06:00,,,,,,
FVJN,2023-12-21 07:00,,,,,,
FVJN,2023-12-21 08:00,FEW,,,4500.00,,
FVJN,2023-12-22 06:00,,,,,,
FVJN,2023-12-22 08:00,,,,,,
FVJN,2023-12-22 09:00,,,,,,
FVJN,2023-12-22 10:00,,,,,,
FVJN,2023-12-22 11:00,FEW,BKN,,6000.00,30000.00,
FVJN,2023-12-22 12:00,FEW,BKN,,6000.00,30000.00,
FVJN,2023-12-22 13:00,FEW,BKN,,6000.00,30000.00,
FVJN,2023-12-22 14:00,FEW,BKN,,6000.00,30000.00,
FVJN,2023-12-22 15:00,FEW,BKN,,6000.00,30000.00,
FVJN,2023-12-23 03:00,,,,,,
FVJN,2023-12-23 09:00,SCT,,,4500.00,,
FVJN,2023-12-23 10:00,,,,,,
FVJN,2023-12-23 11:00,,,,,,
FVJN,2023-12-23 12:00,,,,,,
FVJN,2023-12-23 13:00,,,,,,
FVJN,2023-12-23 15:00,,,,,,
FVJN,2023-12-23 16:00,,,,,,
FVJN,2023-12-24 06:00,,,,,,
FVJN,2023-12-24 07:00,,,,,,
FVJN,2023-12-24 08:00,,,,,,
FVJN,2023-12-24 09:00,,,,,,
FVJN,2023-12-24 12:00,,,,,,
FVJN,2023-12-24 13:00,,,,,,
FVJN,2023-12-24 14:00,,,,,,
FVJN,2023-12-24 16:00,,,,,,
FVJN,2023-12-25 03:00,,,,,,
FVJN,2023-12-25 04:00,,,,,,
FVJN,2023-12-25 06:00,,,,,,
FVJN,2023-12-25 07:00,FEW,,,3500.00,,
FVJN,2023-12-25 09:00,FEW,SCT,,4500.00,5000.00,
FVJN,2023-12-25 10:00,FEW,SCT,BKN,4500.00,5500.00,30000.00
FVJN,2023-12-25 14:00,FEW,BKN,,3000.00,8000.00,
FVJN,2023-12-25 15:00,FEW,BKN,,3000.00,9000.00,
FVJN,2023-12-26 04:00,SCT,OVC,,900.00,7000.00,
FVJN,2023-12-26 07:00,BKN,FEW,OVC,600.00,3000.00,9000.00
FVJN,2023-12-26 09:00,SCT,BKN,,1500.00,9000.00,
FVJN,2023-12-26 10:00,BKN,BKN,,2000.00,9000.00,
FVJN,2023-12-26 11:00,BKN,BKN,,2500.00,10000.00,
FVJN,2023-12-26 12:00,SCT,BKN,,2500.00,10000.00,
FVJN,2023-12-26 13:00,BKN,OVC,,1000.00,9000.00,
FVJN,2023-12-26 14:00,SCT,OVC,,1000.00,9000.00,
FVJN,2023-12-26 15:00,SCT,BKN,,1000.00,9000.00,
FVJN,2023-12-26 16:00,SCT,BKN,,1000.00,9000.00,
FVJN,2023-12-27 03:00,BKN,,,600.00,,
FVJN,2023-12-27 04:00,OVC,,,600.00,,
FVJN,2023-12-27 05:00,OVC,,,600.00,,
FVJN,2023-12-27 06:00,OVC,,,600.00,,
FVJN,2023-12-27 08:00,BKN,,,800.00,,
FVJN,2023-12-27 09:00,BKN,,,800.00,,
FVJN,2023-12-27 10:00,BKN,,,800.00,,
FVJN,2023-12-27 12:00,BKN,,,8000.00,,
FVJN,2023-12-27 13:00,FEW,BKN,,1000.00,8000.00,
FVJN,2023-12-28 03:00,SCT,BKN,,600.00,8000.00,
FVJN,2023-12-28 04:00,BKN,BKN,,600.00,8000.00,
FVJN,2023-12-28 05:00,BKN,,,600.00,,
FVJN,2023-12-28 06:00,BKN,,,1000.00,,
FVJN,2023-12-28 07:00,BKN,,,1000.00,,
FVJN,2023-12-28 09:00,BKN,,,1500.00,,
FVJN,2023-12-28 10:00,BKN,,,1500.00,,
FVJN,2023-12-28 11:00,BKN,,,1500.00,,
FVJN,2023-12-28 12:00,BKN,,,1500.00,,
FVJN,2023-12-28 14:00,BKN,,,1200.00,,
FVJN,2023-12-28 15:00,BKN,,,1200.00,,
FVJN,2023-12-28 16:00,BKN,BKN,,1200.00,9000.00,
FVJN,2023-12-29 04:00,BKN,,,800.00,,
FVJN,2023-12-29 06:00,OVC,,,300.00,,
FVJN,2023-12-29 08:00,BKN,,,600.00,,
FVJN,2023-12-29 09:00,BKN,,,600.00,,
FVJN,2023-12-29 10:00,BKN,,,700.00,,
FVJN,2023-12-29 12:00,BKN,,,2000.00,,
FVJN,2023-12-29 13:00,BKN,,,2000.00,,
FVJN,2023-12-30 05:00,BKN,,,800.00,,
FVJN,2023-12-30 07:00,BKN,,,1200.00,,
FVJN,2023-12-30 08:00,BKN,,,1200.00,,
FVJN,2023-12-30 09:00,BKN,,,1600.00,,
FVJN,2023-12-30 10:00,BKN,,,3000.00,,
FVJN,2023-12-30 12:00,BKN,,,3000.00,,
FVJN,2023-12-31 03:00,BKN,,,1000.00,,
FVJN,2023-12-31 04:00,BKN,,,1000.00,,
FVJN,2023-12-31 05:00,BKN,,,1000.00,,
FVJN,2023-12-31 06:00,BKN,,,1500.00,,
FVJN,2023-12-31 07:00,SCT,,,2000.00,,
FVJN,2023-12-31 09:00,FEW,BKN,,4000.00,30000.00,
FVJN,2023-12-31 12:00,,,,,,
FVJN,2023-12-31 15:00,FEW,BKN,,5000.00,30000.00,
FVJN,2024-01-01 04:00,,,,,,
FVJN,2024-01-01 06:00,,,,,,
FVJN,2024-01-01 07:00,FEW,,,3000.00,,
FVJN,2024-01-01 09:00,,,,,,
FVJN,2024-01-01 12:00,,,,,,
FVJN,2024-01-01 13:00,,,,,,
FVJN,2024-01-02 07:00,BKN,,,2000.00,,
FVJN,2024-01-02 08:00,BKN,,,2000.00,,
FVJN,2024-01-02 09:00,BKN,,,3000.00,,
FVJN,2024-01-02 10:00,BKN,,,3000.00,,
FVJN,2024-01-02 11:00,BKN,,,3500.00,,
FVJN,2024-01-02 12:00,BKN,,,3500.00,,
FVJN,2024-01-02 14:00,SCT,,,4000.00,,
FVJN,2024-01-02 15:00,FEW,,,4000.00,,
FVJN,2024-01-02 16:00,FEW,,,4000.00,,
FVJN,2024-01-03 03:00,BKN,,,800.00,,
FVJN,2024-01-03 04:00,BKN,,,800.00,,
FVJN,2024-01-03 06:00,BKN,,,1200.00,,
FVJN,2024-01-03 07:00,FEW,,,2000.00,,
FVJN,2024-01-03 08:00,SCT,,,3000.00,,
FVJN,2024-01-03 09:00,SCT,,,3500.00,,
FVJN,2024-01-03 10:00,SCT,,,3800.00,,
FVJN,2024-01-03 11:00,SCT,,,4000.00,,
FVJN,2024-01-03 12:00,SCT,,,4300.00,,
FVJN,2024-01-03 13:00,SCT,,,4500.00,,
FVJN,2024-01-03 14:00,FEW,,,4500.00,,
FVJN,2024-01-03 15:00,FEW,,,4500.00,,
FVJN,2024-01-04 03:00,FEW,,,2000.00,,
FVJN,2024-01-04 05:00,FEW,,,3000.00,,
FVJN,2024-01-04 06:00,FEW,,,3000.00,,
FVJN,2024-01-04 07:00,FEW,,,,,
FVJN,2024-01-04 08:00,FEW,,,4500.00,,
FVJN,2024-01-04 09:00,,,,,,
FVJN,2024-01-04 10:00,,,,,,
FVJN,2024-01-04 12:00,,,,,,
FVJN,2024-01-04 13:00,,,,,,
FVJN,2024-01-04 14:00,FEW,SCT,,5000.00,6000.00,
FVJN,2024-01-04 15:00,FEW,SCT,,5000.00,6000.00,
FVJN,2024-01-04 16:00,FEW,SCT,,5000.00,30000.00,
FVJN,2024-01-05 03:00,SCT,,,600.00,,
FVJN,2024-01-05 04:00,FEW,,,600.00,,
FVJN,2024-01-05 05:00,,,,,,
FVJN,2024-01-05 06:00,BKN,,,1700.00,,
FVJN,2024-01-05 07:00,BKN,,,2000.00,,
FVJN,2024-01-05 08:00,BKN,,,2500.00,,
FVJN,2024-01-05 09:00,SCT,,,3000.00,,
FVJN,2024-01-05 10:00,FEW,,,4000.00,,
FVJN,2024-01-05 12:00,,,,,,
FVJN,2024-01-05 13:00,,,,,,
FVJN,2024-01-05 14:00,,,,,,
FVJN,2024-01-05 15:00,,,,,,
FVJN,2024-01-05 16:00,,,,,,
FVJN,2024-01-06 03:00,,,,,,
FVJN,2024-01-06 04:00,,,,,,
FVJN,2024-01-06 05:00,,,,,,
FVJN,2024-01-06 06:00,FEW,,,2500.00,,
FVJN,2024-01-06 07:00,FEW,,,3000.00,,
FVJN,2024-01-06 08:00,FEW,,,4000.00,,
FVJN,2024-01-06 09:00,,,,,,
FVJN,2024-01-06 10:00,,,,,,
FVJN,2024-01-06 11:00,,,,,,
FVJN,2024-01-06 12:00,,,,,,
FVJN,2024-01-06 13:00,,,,,,
FVJN,2024-01-06 14:00,,,,,,
FVJN,2024-01-06 15:00,,,,,,
FVJN,2024-01-06 16:00,,,,,,
FVJN,2024-01-07 03:00,,,,,,
FVJN,2024-01-07 04:00,,,,,,
FVJN,2024-01-07 05:00,,,,,,
FVJN,2024-01-07 06:00,,,,,,
FVJN,2024-01-07 07:00,,,,,,
FVJN,2024-01-07 08:00,,,,,,
FVJN,2024-01-07 09:00,,,,,,
FVJN,2024-01-07 10:00,,,,,,
FVJN,2024-01-07 11:00,,,,,,
FVJN,2024-01-07 12:00,,,,,,
FVJN,2024-01-07 13:00,,,,,,
FVJN,2024-01-07 14:00,,,,,,
FVJN,2024-01-07 15:00,,,,,,
FVJN,2024-01-07 16:00,,,,,,
FVJN,2024-01-08 03:00,,,,,,
FVJN,2024-01-08 04:00,,,,,,
FVJN,2024-01-08 05:00,,,,,,
FVJN,2024-01-08 06:00,,,,,,
FVJN,2024-01-08 08:00,,,,,,
FVJN,2024-01-08 09:00,,,,,,
FVJN,2024-01-08 10:00,,,,,,
FVJN,2024-01-08 12:00,,,,,,
FVJN,2024-01-08 14:00,,,,,,
FVJN,2024-01-08 15:00,,,,,,
FVJN,2024-01-09 04:00,FEW,SCT,,4000.00,9000.00,
FVJN,2024-01-09 05:00,,,,,,
FVJN,2024-01-09 06:00,,,,,,
FVJN,2024-01-09 07:00,SCT,SCT,,3500.00,30000.00,
FVJN,2024-01-09 08:00,BKN,,,3500.00,,
FVJN,2024-01-09 09:00,BKN,,,3800.00,,
FVJN,2024-01-09 10:00,SCT,BKN,,4000.00,12000.00,
FVJN,2024-01-09 11:00,SCT,BKN,,4500.00,12000.00,
FVJN,2024-01-09 12:00,SCT,,,4500.00,,
FVJN,2024-01-09 13:00,SCT,,,4500.00,,
FVJN,2024-01-09 15:00,,,,,,
FVJN,2024-01-10 03:00,,,,,,
FVJN,2024-01-10 04:00,,,,,,
FVJN,2024-01-10 05:00,,,,,,
FVJN,2024-01-10 06:00,,,,,,
FVJN,2024-01-10 08:00,BKN,,,4000.00,,
FVJN,2024-01-11 06:00,FEW,BKN,,1500.00,30000.00,
FVJN,2024-01-11 07:00,FEW,BKN,,2000.00,30000.00,
FVJN,2024-01-11 09:00,SCT,BKN,,4000.00,30000.00,
FVJN,2024-01-11 12:00,FEW,SCT,BKN,4000.00,5000.00,30000.00
FVJN,2024-01-11 13:00,FEW,SCT,BKN,4000.00,5000.00,30000.00
FVJN,2024-01-12 07:00,FEW,BKN,,2000.00,30000.00,
FVJN,2024-01-12 08:00,BKN,SCT,,3200.00,30000.00,
FVJN,2024-01-12 09:00,BKN,SCT,,3500.00,30000.00,
FVJN,2024-01-12 10:00,BKN,SCT,,4000.00,30000.00,
FVJN,2024-01-12 11:00,BKN,SCT,,4500.00,30000.00,
FVJN,2024-01-12 12:00,SCT,SCT,,5000.00,30000.00,
FVJN,2024-01-12 13:00,FEW,BKN,,5000.00,30000.00,
FVJN,2024-01-12 14:00,FEW,BKN,,5000.00,30000.00,
FVJN,2024-01-12 15:00,FEW,BKN,,5000.00,30000.00,
FVJN,2024-01-12 16:00,FEW,BKN,,5000.00,8000.00,
FVJN,2024-01-13 03:00,,,,,,
FVJN,2024-01-13 04:00,FEW,SCT,,1000.00,30000.00,
FVJN,2024-01-13 06:00,FEW,SCT,,1000.00,30000.00,
FVJN,2024-01-13 07:00,SCT,,,1000.00,,
FVJN,2024-01-13 08:00,SCT,SCT,,1600.00,9000.00,
FVJN,2024-01-13 09:00,SCT,,,3000.00,,
FVJN,2024-01-13 10:00,,,,,,
FVJN,2024-01-13 13:00,,,,,,
FVJN,2024-01-14 03:00,,,,,,
FVJN,2024-01-14 04:00,,,,,,
FVJN,2024-01-14 05:00,,,,,,
FVJN,2024-01-14 06:00,SCT,,,2000.00,,
FVJN,2024-01-14 08:00,BKN,,,3000.00,,
FVJN,2024-01-14 09:00,BKN,,,3500.00,,
FVJN,2024-01-14 10:00,FEW,BKN,,3500.00,4000.00,
FVJN,2024-01-14 11:00,FEW,BKN,,3500.00,4000.00,
FVJN,2024-01-14 13:00,FEW,BKN,,3500.00,4000.00,
FVJN,2024-01-14 14:00,FEW,SCT,,3500.00,4000.00,
FVJN,2024-01-14 15:00,FEW,SCT,BKN,3500.00,4000.00,8000.00
FVJN,2024-01-14 16:00,FEW,BKN,,3500.00,8000.00,
FVJN,2024-01-15 03:00,,,,,,
FVJN,2024-01-15 04:00,SCT,BKN,,1000.00,9000.00,
FVJN,2024-01-15 05:00,SCT,BKN,,1000.00,9000.00,
FVJN,2024-01-15 07:00,BKN,,,2000.00,,
FVJN,2024-01-15 08:00,SCT,,,2500.00,,
FVJN,2024-01-15 09:00,SCT,,,3000.00,,
FVJN,2024-01-15 10:00,SCT,SCT,,3500.00,10000.00,
FVJN,2024-01-15 12:00,FEW,SCT,,3000.00,3500.00,
FVJN,2024-01-15 15:00,FEW,BKN,,3000.00,30000.00,
FVJN,2024-01-15 16:00,FEW,BKN,,3000.00,30000.00,
FVJN,2024-01-16 03:00,BKN,,,9000.00,,
FVJN,2024-01-16 06:00,FEW,BKN,,1000.00,9000.00,
FVJN,2024-01-16 08:00,FEW,BKN,,1500.00,9000.00,
FVJN,2024-01-16 10:00,BKN,BKN,,3000.00,9000.00,
FVJN,2024-01-16 11:00,BKN,SCT,,3500.00,9000.00,
FVJN,2024-01-16 12:00,FEW,BKN,,3000.00,3500.00,
FVJN,2024-01-16 13:00,FEW,SCT,BKN,3000.00,3500.00,9000.00
FVJN,2024-01-16 14:00,FEW,SCT,BKN,3000.00,3500.00,9000.00
FVJN,2024-01-16 15:00,FEW,SCT,BKN,3000.00,3500.00,9000.00
FVJN,2024-01-16 16:00,FEW,BKN,,3000.00,9000.00,
FVJN,2024-01-17 03:00,,,,,,
FVJN,2024-01-17 04:00,BKN,OVC,,600.00,9000.00,
FVJN,2024-01-17 06:00,BKN,BKN,,400.00,9000.00,
FVJN,2024-01-17 07:00,BKN,OVC,,400.00,9000.00,
FVJN,2024-01-17 08:00,OVC,,,400.00,,
FVJN,2024-01-17 09:00,OVC,,,600.00,,
FVJN,2024-01-17 10:00,BKN,OVC,,600.00,9000.00,
FVJN,2024-01-17 12:00,FEW,SCT,BKN,1500.00,2000.00,9000.00
FVJN,2024-01-17 13:00,BKN,BKN,,2000.00,9000.00,
FVJN,2024-01-17 14:00,SCT,SCT,,2000.00,30000.00,
FVJN,2024-01-17 15:00,SCT,SCT,,2000.00,9000.00,
FVJN,2024-01-17 16:00,SCT,BKN,,2000.00,9000.00,
FVJN,2024-01-18 03:00,BKN,OVC,,600.00,8000.00,
FVJN,2024-01-18 04:00,BKN,OVC,,600.00,8000.00,
FVJN,2024-01-18 05:00,BKN,OVC,,200.00,8000.00,
FVJN,2024-01-18 06:00,BKN,OVC,,200.00,8000.00,
FVJN,2024-01-18 07:00,BKN,OVC,,200.00,8000.00,
FVJN,2024-01-18 08:00,BKN,OVC,,200.00,8000.00,
FVJN,2024-01-18 09:00,BKN,OVC,,200.00,8000.00,
FVJN,2024-01-18 12:00,BKN,OVC,,200.00,8000.00,
FVJN,2024-01-18 14:00,BKN,OVC,,200.00,8000.00,
FVJN,2024-01-18 15:00,BKN,OVC,,200.00,8000.00,
FVJN,2024-01-18 16:00,BKN,OVC,,200.00,8000.00,
FVJN,2024-01-19 04:00,OVC,,,200.00,,
FVJN,2024-01-19 05:00,BKN,,,200.00,,
FVJN,2024-01-19 06:00,OVC,,,200.00,,
FVJN,2024-01-19 08:00,BKN,,,1000.00,,
FVJN,2024-01-19 09:00,BKN,,,1500.00,,
FVJN,2024-01-19 10:00,BKN,,,1500.00,,
FVJN,2024-01-19 12:00,BKN,,,1500.00,,
FVJN,2024-01-19 13:00,BKN,,,1500.00,,
FVJN,2024-01-19 14:00,OVC,,,1500.00,,
FVJN,2024-01-19 15:00,BKN,,,1500.00,,
FVJN,2024-01-19 16:00,BKN,,,1500.00,,
FVJN,2024-01-20 04:00,BKN,,,600.00,,
FVJN,2024-01-20 05:00,BKN,,,600.00,,
FVJN,2024-01-20 09:00,OVC,,,2000.00,,
FVJN,2024-01-20 10:00,OVC,,,2500.00,,
FVJN,2024-01-20 11:00,OVC,,,3000.00,,
FVJN,2024-01-20 12:00,SCT,BKN,,3500.00,9000.00,
FVJN,2024-01-20 13:00,FEW,BKN,,4000.00,9000.00,
FVJN,2024-01-20 14:00,FEW,BKN,,4000.00,9000.00,
FVJN,2024-01-20 16:00,FEW,BKN,,4000.00,9000.00,
FVJN,2024-01-21 03:00,SCT,,,400.00,,
FVJN,2024-01-21 07:00,BKN,,,2500.00,,
FVJN,2024-01-21 08:00,BKN,,,3000.00,,
FVJN,2024-01-21 10:00,BKN,,,3500.00,,
FVJN,2024-01-21 11:00,BKN,,,4000.00,,
FVJN,2024-01-21 12:00,,,,,,
FVJN,2024-01-21 13:00,,,,,,
FVJN,2024-01-21 14:00,,,,,,
FVJN,2024-01-21 16:00,,,,,,
FVJN,2024-01-22 03:00,,,,,,
FVJN,2024-01-22 04:00,,,,,,
FVJN,2024-01-22 05:00,,,,,,
FVJN,2024-01-22 06:00,,,,,,
FVJN,2024-01-23 03:00,,,,,,
FVJN,2024-01-23 04:00,,,,,,
FVJN,2024-01-23 06:00,FEW,,,2800.00,,
FVJN,2024-01-23 07:00,FEW,,,3000.00,,
FVJN,2024-01-23 08:00,FEW,,,3500.00,,
FVJN,2024-01-23 09:00,FEW,,,4000.00,,
FVJN,2024-01-23 10:00,FEW,,,4500.00,,
FVJN,2024-01-23 11:00,,,,,,
FVJN,2024-01-23 12:00,,,,,,
FVJN,2024-01-23 13:00,,,,,,
FVJN,2024-01-23 14:00,,,,,,
FVJN,2024-01-23 15:00,,,,,,
FVJN,2024-01-23 16:00,,,,,,
FVJN,2024-01-24 03:00,,,,,,
FVJN,2024-01-24 04:00,,,,,,
FVJN,2024-01-24 05:00,FEW,,,1000.00,,
FVJN,2024-01-24 06:00,BKN,,,1500.00,,
FVJN,2024-01-24 07:00,BKN,,,2000.00,,
FVJN,2024-01-24 12:00,,,,,,
FVJN,2024-01-25 07:00,FEW,,,2000.00,,
FVJN,2024-01-25 08:00,FEW,,,3500.00,,
FVJN,2024-01-25 10:00,,,,,,
FVJN,2024-01-25 11:00,,,,,,
FVJN,2024-01-25 12:00,,,,,,
FVJN,2024-01-25 13:00,,,,,,
FVJN,2024-01-25 14:00,,,,,,
FVJN,2024-01-25 15:00,,,,,,
FVJN,2024-01-25 16:00,,,,,,
FVJN,2024-01-26 03:00,,,,,,
FVJN,2024-01-26 04:00,,,,,,
FVJN,2024-01-26 05:00,,,,,,
FVJN,2024-01-26 06:00,,,,,,
FVJN,2024-01-26 07:00,,,,,,
FVJN,2024-01-26 08:00,,,,,,
FVJN,2024-01-26 09:00,,,,,,
FVJN,2024-01-26 12:00,,,,,,
FVJN,2024-01-26 14:00,,,,,,
FVJN,2024-01-26 15:00,,,,,,
FVJN,2024-01-26 16:00,,,,,,
FVJN,2024-01-27 04:00,,,,,,
FVJN,2024-01-27 05:00,,,,,,
FVJN,2024-01-27 06:00,,,,,,
FVJN,2024-01-27 07:00,,,,,,
FVJN,2024-01-27 08:00,,,,,,
FVJN,2024-01-27 09:00,FEW,,,4500.00,,
FVJN,2024-01-27 10:00,,,,,,
FVJN,2024-01-27 11:00,,,,,,
FVJN,2024-01-27 12:00,,,,,,
FVJN,2024-01-27 15:00,,,,,,
FVJN,2024-01-28 03:00,,,,,,
FVJN,2024-01-28 04:00,,,,,,
FVJN,2024-01-28 05:00,,,,,,
FVJN,2024-01-28 07:00,,,,,,
FVJN,2024-01-28 08:00,,,,,,
FVJN,2024-01-28 09:00,FEW,,,4500.00,,
FVJN,2024-01-28 10:00,,,,,,
FVJN,2024-01-28 11:00,,,,,,
FVJN,2024-01-28 12:00,,,,,,
FVJN,2024-01-28 13:00,,,,,,
FVJN,2024-01-28 14:00,,,,,,
FVJN,2024-01-28 15:00,,,,,,
FVJN,2024-01-28 16:00,,,,,,
FVJN,2024-01-29 04:00,,,,,,
FVJN,2024-01-29 05:00,,,,,,
FVJN,2024-01-29 06:00,,,,,,
FVJN,2024-01-29 07:00,,,,,,
FVJN,2024-01-29 08:00,FEW,,,4000.00,,
FVJN,2024-01-29 09:00,FEW,,,4500.00,,
FVJN,2024-01-29 10:00,,,,,,
FVJN,2024-01-29 11:00,,,,,,
FVJN,2024-01-29 12:00,,,,,,
FVJN,2024-01-29 13:00,,,,,,
FVJN,2024-01-29 14:00,,,,,,
FVJN,2024-01-29 15:00,,,,,,
FVJN,2024-01-29 16:00,,,,,,
FVJN,2024-01-29 17:00,,,,,,
FVJN,2024-01-30 04:00,,,,,,
FVJN,2024-01-30 05:00,,,,,,
FVJN,2024-01-30 06:00,,,,,,
FVJN,2024-01-30 07:00,,,,,,
FVJN,2024-01-30 08:00,FEW,,,4500.00,,
FVJN,2024-01-30 09:00,,,,,,
FVJN,2024-01-30 10:00,,,,,,
FVJN,2024-01-30 11:00,,,,,,
FVJN,2024-01-30 12:00,,,,,,
FVJN,2024-01-30 13:00,,,,,,
FVJN,2024-01-30 14:00,,,,,,
FVJN,2024-01-30 15:00,,,,,,
FVJN,2024-01-30 16:00,,,,,,
FVJN,2024-01-31 03:00,,,,,,
FVJN,2024-01-31 04:00,,,,,,
FVJN,2024-01-31 05:00,,,,,,
FVJN,2024-01-31 06:00,FEW,,,2500.00,,
FVJN,2024-01-31 07:00,FEW,,,3000.00,,
FVJN,2024-01-31 08:00,FEW,,,3500.00,,
FVJN,2024-01-31 09:00,SCT,,,4000.00,,
FVJN,2024-01-31 10:00,SCT,,,4500.00,,
FVJN,2024-01-31 11:00,,,,,,
FVJN,2024-01-31 12:00,,,,,,
FVJN,2024-01-31 13:00,,,,,,
FVJN,2024-01-31 14:00,,,,,,
FVJN,2024-01-31 15:00,,,,,,
FVJN,2024-01-31 16:00,,,,,,
FVJN,2024-01-31 17:00,,,,,,
FVJN,2024-02-01 04:00,FEW,,,800.00,,
FVJN,2024-02-01 05:00,BKN,,,1000.00,,
FVJN,2024-02-01 06:00,BKN,,,1500.00,,
FVJN,2024-02-01 07:00,BKN,,,2000.00,,
FVJN,2024-02-01 08:00,BKN,,,3000.00,,
FVJN,2024-02-01 09:00,BKN,,,3500.00,,
FVJN,2024-02-01 10:00,BKN,,,3500.00,,
FVJN,2024-02-01 11:00,BKN,,,4500.00,,
FVJN,2024-02-01 12:00,,,,,,
FVJN,2024-02-01 13:00,,,,,,
FVJN,2024-02-01 14:00,,,,,,
FVJN,2024-02-01 15:00,,,,,,
FVJN,2024-02-02 03:00,FEW,,,1000.00,,
FVJN,2024-02-02 04:00,FEW,,,1000.00,,
FVJN,2024-02-02 05:00,,,,,,
FVJN,2024-02-02 06:00,,,,,,
FVJN,2024-02-02 07:00,FEW,,,2500.00,,
FVJN,2024-02-02 08:00,SCT,,,3000.00,,
FVJN,2024-02-02 09:00,SCT,,,4000.00,,
FVJN,2024-02-02 10:00,SCT,,,4500.00,,
FVJN,2024-02-02 12:00,,,,,,
FVJN,2024-02-02 15:00,,,,,,
FVJN,2024-02-03 03:00,FEW,,,1000.00,,
FVJN,2024-02-03 04:00,FEW,,,1000.00,,
FVJN,2024-02-03 06:00,SCT,,,600.00,,
FVJN,2024-02-08 14:00,,,,,,
FVJN,2024-02-09 03:00,,,,,,
FVJN,2024-02-09 05:00,,,,,,
FVJN,2024-02-09 06:00,FEW,BKN,,2500.00,30000.00,
FVJN,2024-02-09 09:00,SCT,BKN,,4000.00,30000.00,
FVJN,2024-02-09 10:00,SCT,BKN,,4000.00,30000.00,
FVJN,2024-02-09 11:00,,,,,,
FVJN,2024-02-09 13:00,,,,,,
FVJN,2024-02-09 14:00,,,,,,
FVJN,2024-02-09 15:00,,,,,,
FVJN,2024-02-09 16:00,,,,,,
FVJN,2024-02-10 04:00,,,,,,
FVJN,2024-02-10 05:00,,,,,,
FVJN,2024-02-10 06:00,,,,,,
FVJN,2024-02-10 09:00,,,,,,
FVJN,2024-02-10 10:00,,,,,,
FVJN,2024-02-10 11:00,,,,,,
FVJN,2024-02-10 12:00,,,,,,
FVJN,2024-02-10 14:00,FEW,SCT,,8000.00,10000.00,
FVJN,2024-02-11 06:00,SCT,BKN,,2000.00,10000.00,
FVJN,2024-02-11 07:00,SCT,SCT,,2500.00,10000.00,
FVJN,2024-02-11 08:00,OVC,,,2000.00,,
FVJN,2024-02-11 09:00,BKN,,,2000.00,,
FVJN,2024-02-11 10:00,BKN,,,2500.00,,
FVJN,2024-02-11 11:00,OVC,,,2500.00,,
FVJN,2024-02-11 14:00,SCT,BKN,,1500.00,9000.00,
FVJN,2024-02-11 15:00,FEW,BKN,,1500.00,9000.00,
FVJN,2024-02-11 16:00,FEW,BKN,,1500.00,9000.00,
FVJN,2024-02-12 06:00,BKN,,,1000.00,,
FVJN,2024-02-12 10:00,BKN,,,2500.00,,
FVJN,2024-02-12 11:00,FEW,,,3500.00,,
FVJN,2024-02-12 14:00,,,,,,
FVJN,2024-02-13 06:00,FEW,,,1200.00,,
FVJN,2024-02-13 07:00,,,,,,
FVJN,2024-02-13 08:00,,,,,,
FVJN,2024-02-13 09:00,,,,,,
FVJN,2024-02-13 10:00,,,,,,
FVJN,2024-02-13 11:00,,,,,,
FVJN,2024-02-13 14:00,,,,,,
FVJN,2024-02-13 15:00,,,,,,
FVJN,2024-02-13 16:00,,,,,,
FVJN,2024-02-14 03:00,,,,,,
FVJN,2024-02-14 04:00,,,,,,
FVJN,2024-02-14 07:00,,,,,,
FVJN,2024-02-15 06:00,,,,,,
FVJN,2024-02-15 07:00,,,,,,
FVJN,2024-02-15 12:00,,,,,,
FVJN,2024-02-15 14:00,,,,,,
FVJN,2024-02-16 09:00,,,,,,
FVJN,2024-02-16 11:00,,,,,,
FVJN,2024-02-16 12:00,,,,,,
FVJN,2024-02-16 13:00,,,,,,
FVJN,2024-02-16 14:00,,,,,,
FVJN,2024-02-16 15:00,,,,,,
FVJN,2024-02-16 16:00,,,,,,
FVJN,2024-02-17 03:00,,,,,,
FVJN,2024-02-17 04:00,,,,,,
FVJN,2024-02-17 07:00,,,,,,
FVJN,2024-02-17 08:00,,,,,,
FVJN,2024-02-17 09:00,,,,,,
FVJN,2024-02-17 10:00,,,,,,
FVJN,2024-02-17 12:00,,,,,,
FVJN,2024-02-17 13:00,,,,,,
FVJN,2024-02-17 14:00,,,,,,
FVJN,2024-02-17 15:00,,,,,,
FVJN,2024-02-18 04:00,,,,,,
FVJN,2024-02-18 05:00,,,,,,
FVJN,2024-02-18 06:00,,,,,,
FVJN,2024-02-18 07:00,,,,,,
FVJN,2024-02-18 08:00,,,,,,
FVJN,2024-02-18 09:00,,,,,,
FVJN,2024-02-18 10:00,,,,,,
FVJN,2024-02-18 11:00,,,,,,
FVJN,2024-02-18 12:00,,,,,,
FVJN,2024-02-18 13:00,,,,,,
FVJN,2024-02-18 14:00,,,,,,
FVJN,2024-02-18 15:00,,,,,,
FVJN,2024-02-18 16:00,,,,,,
FVJN,2024-02-19 03:00,,,,,,
FVJN,2024-02-19 04:00,FEW,,,1000.00,,
FVJN,2024-02-19 05:00,FEW,,,1500.00,,
FVJN,2024-02-19 06:00,SCT,,,1800.00,,
FVJN,2024-02-19 07:00,SCT,,,2000.00,,
FVJN,2024-02-19 08:00,BKN,,,3000.00,,
FVJN,2024-02-19 09:00,SCT,,,4000.00,,
FVJN,2024-02-19 10:00,SCT,,,4500.00,,
FVJN,2024-02-19 11:00,,,,,,
FVJN,2024-02-19 12:00,,,,,,
FVJN,2024-02-19 14:00,,,,,,
FVJN,2024-02-19 15:00,,,,,,
FVJN,2024-02-19 16:00,,,,,,
FVJN,2024-02-20 03:00,,,,,,
FVJN,2024-02-20 04:00,FEW,,,1500.00,,
FVJN,2024-02-20 05:00,BKN,,,1800.00,,
FVJN,2024-02-20 06:00,SCT,,,1800.00,,
FVJN,2024-02-20 07:00,SCT,,,2500.00,,
FVJN,2024-02-20 08:00,SCT,,,3000.00,,
FVJN,2024-02-20 09:00,FEW,,,4000.00,,
FVJN,2024-02-20 10:00,,,,,,
FVJN,2024-02-20 11:00,,,,,,
FVJN,2024-02-20 12:00,,,,,,
FVJN,2024-02-20 13:00,,,,,,
FVJN,2024-02-20 14:00,,,,,,
FVJN,2024-02-20 15:00,,,,,,
FVJN,2024-02-20 16:00,,,,,,
FVJN,2024-02-21 04:00,,,,,,
FVJN,2024-02-21 05:00,,,,,,
FVJN,2024-02-21 06:00,,,,,,
FVJN,2024-02-21 07:00,,,,,,
FVJN,2024-02-21 08:00,,,,,,
FVJN,2024-02-21 09:00,,,,,,
FVJN,2024-02-21 10:00,,,,,,
FVJN,2024-02-21 11:00,,,,,,
FVJN,2024-02-21 12:00,,,,,,
FVJN,2024-02-21 13:00,,,,,,
FVJN,2024-02-21 15:00,,,,,,
FVJN,2024-02-22 04:00,,,,,,
FVJN,2024-02-22 05:00,,,,,,
FVJN,2024-02-22 06:00,,,,,,
FVJN,2024-02-22 09:00,,,,,,
FVJN,2024-02-22 10:00,,,,,,
FVJN,2024-02-22 11:00,,,,,,
FVJN,2024-02-22 12:00,,,,,,
FVJN,2024-02-22 13:00,,,,,,
FVJN,2024-02-22 14:00,,,,,,
FVJN,2024-02-22 15:00,,,,,,
FVJN,2024-02-22 16:00,,,,,,
FVJN,2024-02-23 03:00,,,,,,
FVJN,2024-02-23 04:00,,,,,,
FVJN,2024-02-23 05:00,,,,,,
FVJN,2024-02-23 06:00,,,,,,
FVJN,2024-02-23 07:00,,,,,,
FVJN,2024-02-23 08:00,,,,,,
FVJN,2024-02-23 09:00,,,,,,
FVJN,2024-02-23 10:00,,,,,,
FVJN,2024-02-23 11:00,,,,,,
FVJN,2024-02-23 12:00,,,,,,
FVJN,2024-02-23 13:00,,,,,,
FVJN,2024-02-23 14:00,,,,,,
FVJN,2024-02-23 15:00,,,,,,
FVJN,2024-02-23 16:00,,,,,,
FVJN,2024-02-24 03:00,,,,,,
FVJN,2024-02-24 04:00,,,,,,
FVJN,2024-02-24 05:00,,,,,,
FVJN,2024-02-24 06:00,,,,,,
FVJN,2024-02-24 07:00,,,,,,
FVJN,2024-02-24 09:00,,,,,,
FVJN,2024-02-24 10:00,,,,,,
FVJN,2024-02-24 12:00,,,,,,
FVJN,2024-02-24 13:00,,,,,,
FVJN,2024-02-24 15:00,,,,,,
FVJN,2024-02-25 11:00,,,,,,
FVJN,2024-02-25 13:00,,,,,,
FVJN,2024-02-25 14:00,,,,,,
FVJN,2024-02-25 15:00,,,,,,
FVJN,2024-02-25 16:00,,,,,,
FVJN,2024-02-26 03:00,,,,,,
FVJN,2024-02-26 04:00,,,,,,
FVJN,2024-02-26 05:00,,,,,,
FVJN,2024-02-26 06:00,,,,,,
FVJN,2024-02-26 07:00,,,,,,
FVJN,2024-02-27 04:00,BKN,,,500.00,,
FVJN,2024-02-27 06:00,BKN,,,1200.00,,
FVJN,2024-02-27 12:00,BKN,,,3500.00,,
FVJN,2024-02-28 05:00,BKN,,,800.00,,
FVJN,2024-02-28 07:00,BKN,,,1000.00,,
FVJN,2024-02-28 09:00,BKN,,,2000.00,,
FVJN,2024-02-28 10:00,BKN,,,2000.00,,
FVJN,2024-02-28 12:00,BKN,,,4000.00,,
FVJN,2024-02-28 13:00,BKN,,,3500.00,,
FVJN,2024-02-28 14:00,BKN,,,3500.00,,
FVJN,2024-02-28 15:00,BKN,,,3500.00,,
FVJN,2024-02-28 16:00,BKN,,,3000.00,,
FVJN,2024-02-29 06:00,BKN,,,1500.00,,
FVJN,2024-02-29 07:00,BKN,,,1800.00,,
FVJN,2024-02-29 08:00,SCT,,,3500.00,,
FVJN,2024-02-29 09:00,SCT,,,4500.00,,
FVJN,2024-02-29 10:00,,,,,,
FVJN,2024-02-29 11:00,,,,,,
FVJN,2024-02-29 12:00,,,,,,
FVJN,2024-02-29 13:00,,,,,,
FVJN,2024-02-29 14:00,,,,,,
FVJN,2024-02-29 15:00,,,,,,
FVJN,2024-02-29 16:00,,,,,,
FVJN,2024-03-01 03:00,,,,,,
FVJN,2024-03-01 04:00,FEW,,,1000.00,,
FVJN,2024-03-01 05:00,FEW,,,1500.00,,
FVJN,2024-03-01 06:00,FEW,,,1800.00,,
FVJN,2024-03-01 08:00,FEW,,,3500.00,,
FVJN,2024-03-01 09:00,FEW,,,4000.00,,
FVJN,2024-03-01 10:00,SCT,,,4500.00,,
FVJN,2024-03-01 11:00,,,,,,
FVJN,2024-03-01 12:00,,,,,,
FVJN,2024-03-01 13:00,,,,,,
FVJN,2024-03-01 14:00,,,,,,
FVJN,2024-03-01 16:00,,,,,,
FVJN,2024-03-02 04:00,,,,,,
FVJN,2024-03-02 05:00,,,,,,
FVJN,2024-03-02 06:00,,,,,,
FVJN,2024-03-02 07:00,,,,,,
FVJN,2024-03-02 08:00,,,,,,
FVJN,2024-03-02 09:00,,,,,,
FVJN,2024-03-02 10:00,,,,,,
FVJN,2024-03-02 11:00,,,,,,
FVJN,2024-03-02 12:00,,,,,,
FVJN,2024-03-02 13:00,,,,,,
FVJN,2024-03-02 14:00,,,,,,
FVJN,2024-03-02 15:00,,,,,,
FVJN,2024-03-02 16:00,,,,,,
FVJN,2024-03-03 04:00,,,,,,
FVJN,2024-03-03 05:00,,,,,,
FVJN,2024-03-03 06:00,,,,,,
FVJN,2024-03-03 07:00,,,,,,
FVJN,2024-03-03 08:00,,,,,,
FVJN,2024-03-03 09:00,,,,,,
FVJN,2024-03-03 10:00,,,,,,
FVJN,2024-03-03 11:00,,,,,,
FVJN,2024-03-03 12:00,,,,,,
FVJN,2024-03-03 13:00,,,,,,
FVJN,2024-03-03 14:00,,,,,,
FVJN,2024-03-03 15:00,,,,,,
FVJN,2024-03-03 16:00,,,,,,
FVJN,2024-03-04 04:00,,,,,,
FVJN,2024-03-04 05:00,,,,,,
FVJN,2024-03-04 06:00,,,,,,
FVJN,2024-03-04 07:00,,,,,,
FVJN,2024-03-04 08:00,,,,,,
FVJN,2024-03-04 09:00,,,,,,
FVJN,2024-03-04 10:00,,,,,,
FVJN,2024-03-04 11:00,,,,,,
FVJN,2024-03-04 12:00,,,,,,
FVJN,2024-03-04 13:00,,,,,,
FVJN,2024-03-04 14:00,,,,,,
FVJN,2024-03-04 15:00,,,,,,
FVJN,2024-03-04 16:00,,,,,,
FVJN,2024-03-05 04:00,,,,,,
FVJN,2024-03-05 05:00,,,,,,
FVJN,2024-03-05 06:00,,,,,,
FVJN,2024-03-05 08:00,,,,,,
FVJN,2024-03-05 09:00,,,,,,
FVJN,2024-03-05 10:00,,,,,,
FVJN,2024-03-05 12:00,,,,,,
FVJN,2024-03-05 13:00,,,,,,
FVJN,2024-03-05 14:00,,,,,,
FVJN,2024-03-05 16:00,SCT,,,9000.00,,
FVJN,2024-03-06 03:00,,,,,,
FVJN,2024-03-06 04:00,,,,,,
FVJN,2024-03-06 05:00,,,,,,
FVJN,2024-03-06 06:00,,,,,,
FVJN,2024-03-06 07:00,,,,,,
FVJN,2024-03-06 08:00,,,,,,
FVJN,2024-03-06 09:00,,,,,,
FVJN,2024-03-06 10:00,,,,,,
FVJN,2024-03-07 04:00,,,,,,
FVJN,2024-03-07 06:00,,,,,,
FVJN,2024-03-07 07:00,,,,,,
FVJN,2024-03-07 08:00,,,,,,
FVJN,2024-03-07 09:00,,,,,,
FVJN,2024-03-07 10:00,,,,,,
FVJN,2024-03-07 11:00,,,,,,
FVJN,2024-03-07 13:00,,,,,,
FVJN,2024-03-07 14:00,,,,,,
FVJN,2024-03-07 15:00,,,,,,
FVJN,2024-03-07 16:00,,,,,,
FVJN,2024-03-08 03:00,,,,,,
FVJN,2024-03-08 04:00,,,,,,
FVJN,2024-03-08 05:00,,,,,,
FVJN,2024-03-08 06:00,,,,,,
FVJN,2024-03-08 07:00,,,,,,
FVJN,2024-03-08 08:00,,,,,,
FVJN,2024-03-08 09:00,,,,,,
FVJN,2024-03-08 10:00,,,,,,
FVJN,2024-03-08 11:00,,,,,,
FVJN,2024-03-08 12:00,,,,,,
FVJN,2024-03-08 13:00,,,,,,
FVJN,2024-03-08 14:00,,,,,,
FVJN,2024-03-08 15:00,,,,,,
FVJN,2024-03-08 16:00,,,,,,
FVJN,2024-03-09 03:00,,,,,,
FVJN,2024-03-09 04:00,,,,,,
FVJN,2024-03-09 05:00,,,,,,
FVJN,2024-03-09 06:00,,,,,,
FVJN,2024-03-09 07:00,,,,,,
FVJN,2024-03-09 08:00,,,,,,
FVJN,2024-03-09 09:00,,,,,,
FVJN,2024-03-09 10:00,,,,,,
FVJN,2024-03-09 13:00,,,,,,
FVJN,2024-03-09 14:00,,,,,,
FVJN,2024-03-09 16:00,,,,,,
FVJN,2024-03-10 04:00,FEW,,,1000.00,,
FVJN,2024-03-10 05:00,FEW,,,1000.00,,
FVJN,2024-03-10 06:00,FEW,,,1500.00,,
FVJN,2024-03-10 08:00,SCT,,,3500.00,,
FVJN,2024-03-10 09:00,,,,,,
FVJN,2024-03-10 10:00,,,,,,
FVJN,2024-03-10 11:00,,,,,,
FVJN,2024-03-10 12:00,,,,,,
FVJN,2024-03-10 13:00,,,,,,
FVJN,2024-03-10 14:00,,,,,,
FVJN,2024-03-10 15:00,,,,,,
FVJN,2024-03-10 16:00,,,,,,
FVJN,2024-03-11 03:00,,,,,,
FVJN,2024-03-11 04:00,,,,,,
FVJN,2024-03-11 05:00,,,,,,
FVJN,2024-03-11 06:00,,,,,,
FVJN,2024-03-11 07:00,FEW,,,3500.00,,
FVJN,2024-03-11 08:00,,,,,,
FVJN,2024-03-12 04:00,FEW,,,2000.00,,
FVJN,2024-03-12 06:00,SCT,,,2000.00,,
FVJN,2024-03-12 12:00,,,,,,
FVJN,2024-03-12 14:00,,,,,,
FVJN,2024-03-12 15:00,,,,,,
FVJN,2024-03-13 10:00,,,,,,
FVJN,2024-03-13 11:00,,,,,,
FVJN,2024-03-13 14:00,,,,,,
FVJN,2024-03-14 09:00,,,,,,
FVJN,2024-03-14 10:00,FEW,BKN,,4000.00,10000.00,
FVJN,2024-03-14 11:00,SCT,SCT,,4500.00,10000.00,
FVJN,2024-03-14 15:00,FEW,SCT,BKN,4000.00,4500.00,9000.00
FVJN,2024-03-14 16:00,FEW,BKN,,4500.00,9000.00,
FVJN,2024-03-15 04:00,,,,,,
FVJN,2024-03-15 05:00,FEW,BKN,,1000.00,30000.00,
FVJN,2024-03-15 06:00,FEW,BKN,,1500.00,30000.00,
FVJN,2024-03-15 07:00,FEW,BKN,,2000.00,30000.00,
FVJN,2024-03-15 08:00,BKN,,,3500.00,,
FVJN,2024-03-15 09:00,,,,,,
FVJN,2024-03-15 12:00,,,,,,
FVJN,2024-03-15 13:00,,,,,,
FVJN,2024-03-15 14:00,,,,,,
FVJN,2024-03-15 15:00,,,,,,
FVJN,2024-03-15 16:00,FEW,,,5000.00,,
FVJN,2024-03-16 03:00,,,,,,
FVJN,2024-03-16 04:00,,,,,,
FVJN,2024-03-16 05:00,BKN,SCT,,800.00,30000.00,
FVJN,2024-03-16 06:00,FEW,BKN,,1500.00,40000.00,
FVJN,2024-03-16 08:00,,,,,,
FVJN,2024-03-16 09:00,,,,,,
FVJN,2024-03-16 10:00,,,,,,
FVJN,2024-03-16 12:00,,,,,,
FVJN,2024-03-16 13:00,,,,,,
FVJN,2024-03-16 14:00,,,,,,
FVJN,2024-03-16 15:00,,,,,,
FVJN,2024-03-16 16:00,FEW,,,8000.00,,
FVJN,2024-03-17 04:00,,,,,,
FVJN,2024-03-17 05:00,,,,,,
FVJN,2024-03-17 06:00,,,,,,
FVJN,2024-03-17 08:00,,,,,,
FVJN,2024-03-17 09:00,,,,,,
FVJN,2024-03-17 13:00,,,,,,
FVJN,2024-03-18 05:00,FEW,,,1000.00,,
FVJN,2024-03-18 06:00,FEW,,,1500.00,,
FVJN,2024-03-18 08:00,BKN,,,2500.00,,
FVJN,2024-03-18 12:00,SCT,,,4500.00,,
FVJN,2024-03-19 06:00,,,,,,
FVJN,2024-03-19 07:00,FEW,,,2500.00,,
FVJN,2024-03-19 08:00,SCT,,,4000.00,,
FVJN,2024-03-19 09:00,,,,,,
FVJN,2024-03-19 10:00,,,,,,
FVJN,2024-03-19 11:00,,,,,,
FVJN,2024-03-19 12:00,,,,,,
FVJN,2024-03-19 13:00,,,,,,
FVJN,2024-03-19 14:00,,,,,,
FVJN,2024-03-19 15:00,,,,,,
FVJN,2024-03-19 16:00,,,,,,
FVJN,2024-03-20 03:00,,,,,,
FVJN,2024-03-20 04:00,,,,,,
FVJN,2024-03-20 05:00,,,,,,
FVJN,2024-03-20 06:00,,,,,,
FVJN,2024-03-20 07:00,,,,,,
FVJN,2024-03-20 08:00,,,,,,
FVJN,2024-03-20 09:00,,,,,,
FVJN,2024-03-20 10:00,,,,,,
FVJN,2024-03-20 11:00,,,,,,
FVJN,2024-03-20 12:00,,,,,,
FVJN,2024-03-20 13:00,,,,,,
FVJN,2024-03-20 14:00,,,,,,
FVJN,2024-03-20 15:00,,,,,,
FVJN,2024-03-20 16:00,,,,,,
FVJN,2024-03-20 17:00,,,,,,
FVJN,2024-03-21 04:00,,,,,,
FVJN,2024-03-21 05:00,,,,,,
FVJN,2024-03-21 06:00,FEW,,,2000.00,,
FVJN,2024-03-21 07:00,BKN,,,2500.00,,
FVJN,2024-03-21 08:00,BKN,,,3000.00,,
FVJN,2024-03-21 09:00,BKN,,,4000.00,,
FVJN,2024-03-21 10:00,,,,,,
FVJN,2024-03-21 11:00,,,,,,
FVJN,2024-03-21 12:00,,,,,,
FVJN,2024-03-21 13:00,,,,,,
FVJN,2024-03-21 14:00,,,,,,
FVJN,2024-03-21 15:00,,,,,,
FVJN,2024-03-21 16:00,,,,,,
FVJN,2024-03-22 03:00,FEW,,,600.00,,
FVJN,2024-03-22 04:00,SCT,,,900.00,,
FVJN,2024-03-22 05:00,SCT,,,1200.00,,
FVJN,2024-03-22 06:00,BKN,,,1800.00,,
FVJN,2024-03-22 07:00,BKN,,,2500.00,,
FVJN,2024-03-22 08:00,FEW,,,3500.00,,
FVJN,2024-03-22 09:00,FEW,,,4500.00,,
FVJN,2024-03-22 12:00,,,,,,
FVJN,2024-03-22 13:00,,,,,,
FVJN,2024-03-22 14:00,,,,,,
FVJN,2024-03-22 15:00,,,,,,
FVJN,2024-03-22 16:00,,,,,,
FVJN,2024-03-23 03:00,,,,,,
FVJN,2024-03-23 04:00,SCT,,,800.00,,
FVJN,2024-03-23 05:00,BKN,,,800.00,,
FVJN,2024-03-23 07:00,FEW,,,2000.00,,
FVJN,2024-03-23 08:00,FEW,,,2000.00,,
FVJN,2024-03-23 09:00,,,,,,
FVJN,2024-03-23 10:00,,,,,,
FVJN,2024-03-23 11:00,,,,,,
FVJN,2024-03-23 12:00,,,,,,
FVJN,2024-03-23 13:00,,,,,,
FVJN,2024-03-23 14:00,,,,,,
FVJN,2024-03-23 15:00,,,,,,
FVJN,2024-03-24 04:00,FEW,,,800.00,,
FVJN,2024-03-24 05:00,FEW,,,800.00,,
FVJN,2024-03-24 06:00,SCT,,,2000.00,,
FVJN,2024-03-24 07:00,SCT,,,2000.00,,
FVJN,2024-03-25 10:00,,,,,,
FVJN,2024-03-25 12:00,,,,,,
FVJN,2024-03-25 13:00,,,,,,
FVJN,2024-03-25 14:00,,,,,,
FVJN,2024-03-26 06:00,SCT,,,1200.00,,
FVJN,2024-03-26 07:00,FEW,,,1500.00,,
FVJN,2024-03-26 08:00,FEW,,,1500.00,,
FVJN,2024-03-26 09:00,FEW,,,3500.00,,
FVJN,2024-03-26 10:00,FEW,,,4000.00,,
FVJN,2024-03-26 11:00,,,,,,
FVJN,2024-03-26 12:00,,,,,,
FVJN,2024-03-26 13:00,,,,,,
FVJN,2024-03-26 14:00,,,,,,
FVJN,2024-03-26 15:00,,,,,,
FVJN,2024-03-26 16:00,,,,,,
FVJN,2024-03-27 04:00,BKN,,,800.00,,
FVJN,2024-03-27 05:00,BKN,,,800.00,,
FVJN,2024-03-27 06:00,BKN,,,800.00,,
FVJN,2024-03-27 08:00,SCT,,,2500.00,,
FVJN,2024-03-27 09:00,FEW,,,4000.00,,
FVJN,2024-03-27 10:00,,,,,,
FVJN,2024-03-27 11:00,,,,,,
FVJN,2024-03-27 12:00,,,,,,
FVJN,2024-03-27 13:00,,,,,,
FVJN,2024-03-27 14:00,,,,,,
FVJN,2024-03-27 16:00,,,,,,
FVJN,2024-03-28 03:00,,,,,,
FVJN,2024-03-28 04:00,FEW,,,800.00,,
FVJN,2024-03-28 05:00,FEW,,,1000.00,,
FVJN,2024-03-28 06:00,FEW,,,1200.00,,
FVJN,2024-03-28 07:00,FEW,,,3000.00,,
FVJN,2024-03-28 08:00,FEW,,,3500.00,,
FVJN,2024-03-28 09:00,FEW,,,4500.00,,
FVJN,2024-03-28 10:00,,,,,,
FVJN,2024-03-28 11:00,,,,,,
FVJN,2024-03-28 12:00,,,,,,
FVJN,2024-03-28 13:00,,,,,,
FVJN,2024-03-28 14:00,,,,,,
FVJN,2024-03-28 15:00,,,,,,
FVJN,2024-03-28 16:00,,,,,,
FVJN,2024-03-29 04:00,,,,,,
FVJN,2024-03-29 05:00,,,,,,
FVJN,2024-03-29 06:00,,,,,,
FVJN,2024-03-29 07:00,,,,,,
FVJN,2024-03-29 08:00,,,,,,
FVJN,2024-03-29 09:00,,,,,,
FVJN,2024-03-29 10:00,,,,,,
FVJN,2024-03-29 12:00,,,,,,
FVJN,2024-03-29 13:00,,,,,,
FVJN,2024-03-29 14:00,,,,,,
FVJN,2024-03-29 15:00,,,,,,
FVJN,2024-03-29 16:00,,,,,,
FVJN,2024-03-30 03:00,,,,,,
FVJN,2024-03-30 04:00,,,,,,
FVJN,2024-03-30 05:00,,,,,,
FVJN,2024-03-30 06:00,SCT,SCT,,1500.00,9000.00,
FVJN,2024-03-30 07:00,SCT,,,1500.00,,
FVJN,2024-03-30 08:00,FEW,BKN,,3500.00,12000.00,
FVJN,2024-03-30 11:00,,,,,,
FVJN,2024-03-30 12:00,,,,,,
FVJN,2024-03-30 14:00,,,,,,
FVJN,2024-03-30 15:00,,,,,,
FVJN,2024-03-31 04:00,FEW,OVC,,700.00,30000.00,
FVJN,2024-03-31 05:00,FEW,BKN,,1000.00,30000.00,
FVJN,2024-03-31 07:00,SCT,SCT,,2500.00,30000.00,
FVJN,2024-03-31 08:00,SCT,,,3000.00,,
FVJN,2024-03-31 09:00,SCT,SCT,,4000.00,30000.00,
FVJN,2024-03-31 10:00,BKN,SCT,,4000.00,30000.00,
FVJN,2024-03-31 11:00,BKN,,,4000.00,,
FVJN,2024-03-31 12:00,,,,,,
FVJN,2024-03-31 13:00,,,,,,
FVJN,2024-03-31 14:00,,,,,,
FVJN,2024-03-31 15:00,,,,,,
FVJN,2024-03-31 16:00,,,,,,
FVJN,2024-04-01 03:00,,,,,,
FVJN,2024-04-01 05:00,,,,,,
FVJN,2024-04-01 06:00,,,,,,
FVJN,2024-04-01 07:00,,,,,,
FVJN,2024-04-01 08:00,,,,,,
FVJN,2024-04-01 09:00,FEW,,,4500.00,,
FVJN,2024-04-01 10:00,,,,,,
FVJN,2024-04-01 11:00,,,,,,
FVJN,2024-04-01 12:00,,,,,,
FVJN,2024-04-01 13:00,,,,,,
FVJN,2024-04-01 15:00,,,,,,
FVJN,2024-04-02 03:00,,,,,,
FVJN,2024-04-02 04:00,,,,,,
FVJN,2024-04-02 06:00,,,,,,
FVJN,2024-04-02 07:00,,,,,,
FVJN,2024-04-02 08:00,,,,,,
FVJN,2024-04-02 09:00,,,,,,
FVJN,2024-04-02 10:00,,,,,,
FVJN,2024-04-02 11:00,,,,,,
FVJN,2024-04-02 12:00,,,,,,
FVJN,2024-04-02 13:00,,,,,,
FVJN,2024-04-02 14:00,,,,,,
FVJN,2024-04-02 15:00,,,,,,
FVJN,2024-04-02 16:00,,,,,,
FVJN,2024-04-03 04:00,,,,,,
FVJN,2024-04-03 05:00,,,,,,
FVJN,2024-04-03 06:00,,,,,,
FVJN,2024-04-03 07:00,,,,,,
FVJN,2024-04-03 08:00,FEW,,,4500.00,,
FVJN,2024-04-03 09:00,,,,,,
FVJN,2024-04-03 10:00,,,,,,
FVJN,2024-04-03 11:00,,,,,,
FVJN,2024-04-03 14:00,,,,,,
FVJN,2024-04-03 15:00,,,,,,
FVJN,2024-04-04 09:00,,,,,,
FVJN,2024-04-04 10:00,,,,,,
FVJN,2024-04-04 11:00,,,,,,
FVJN,2024-04-04 12:00,,,,,,
FVJN,2024-04-04 13:00,,,,,,
FVJN,2024-04-04 14:00,SCT,SCT,,5000.00,9000.00,
FVJN,2024-04-05 03:00,,,,,,
FVJN,2024-04-05 04:00,,,,,,
FVJN,2024-04-05 05:00,,,,,,
FVJN,2024-04-05 06:00,,,,,,
FVJN,2024-04-05 07:00,,,,,,
FVJN,2024-04-05 08:00,,,,,,
FVJN,2024-04-05 10:00,FEW,BKN,,6000.00,9000.00,
FVJN,2024-04-05 11:00,FEW,SCT,,5000.00,6000.00,
FVJN,2024-04-05 12:00,FEW,SCT,BKN,5000.00,6000.00,9000.00
FVJN,2024-04-05 15:00,,,,,,
FVJN,2024-04-05 16:00,,,,,,
FVJN,2024-04-06 03:00,,,,,,
FVJN,2024-04-06 04:00,,,,,,
FVJN,2024-04-06 06:00,,,,,,
FVJN,2024-04-06 08:00,FEW,BKN,,3500.00,9000.00,
FVJN,2024-04-06 09:00,SCT,BKN,,4000.00,9000.00,
FVJN,2024-04-06 12:00,FEW,BKN,,3000.00,9000.00,
FVJN,2024-04-07 09:00,BKN,,,800.00,,
FVJN,2024-04-07 13:00,FEW,SCT,BKN,4000.00,4500.00,10000.00
FVJN,2024-04-07 14:00,FEW,BKN,,4000.00,10000.00,
FVJN,2024-04-07 17:00,BKN,,,10000.00,,
FVJN,2024-04-08 03:00,SCT,BKN,,1000.00,9000.00,
FVJN,2024-04-08 04:00,,,,,,
FVJN,2024-04-08 05:00,,,,,,
FVJN,2024-04-08 06:00,FEW,BKN,,1000.00,9000.00,
FVJN,2024-04-08 07:00,FEW,BKN,,1500.00,9000.00,
FVJN,2024-04-08 08:00,FEW,BKN,,2000.00,9000.00,
FVJN,2024-04-08 09:00,SCT,BKN,,2500.00,9000.00,
FVJN,2024-04-08 10:00,BKN,BKN,,3000.00,9000.00,
FVJN,2024-04-08 11:00,SCT,SCT,,3000.00,9000.00,
FVJN,2024-04-08 12:00,BKN,,,4000.00,,
FVJN,2024-04-08 13:00,FEW,SCT,,3000.00,4000.00,
FVJN,2024-04-08 14:00,FEW,SCT,BKN,3000.00,4000.00,30000.00
FVJN,2024-04-08 15:00,FEW,SCT,BKN,3000.00,4000.00,30000.00
FVJN,2024-04-08 16:00,FEW,SCT,BKN,3000.00,4000.00,9000.00
FVJN,2024-04-09 04:00,,,,,,
FVJN,2024-04-09 05:00,FEW,BKN,,500.00,9000.00,
FVJN,2024-04-09 06:00,FEW,BKN,,500.00,9000.00,
FVJN,2024-04-09 07:00,BKN,,,9000.00,,
FVJN,2024-04-09 09:00,OVC,///,,1000.00,9000.00,
FVJN,2024-04-09 10:00,BKN,BKN,,1000.00,9000.00,
FVJN,2024-04-09 11:00,BKN,BKN,,1500.00,10000.00,
FVJN,2024-04-09 12:00,FEW,BKN,,2500.00,35000.00,
FVJN,2024-04-09 13:00,FEW,,,3000.00,,
FVJN,2024-04-09 14:00,FEW,,,3500.00,,
FVJN,2024-04-09 15:00,FEW,BKN,,3500.00,10000.00,
FVJN,2024-04-10 03:00,SCT,,,500.00,,
FVJN,2024-04-10 04:00,BKN,,,600.00,,
FVJN,2024-04-10 06:00,SCT,BKN,,800.00,10000.00,
FVJN,2024-04-10 07:00,BKN,BKN,,1000.00,10000.00,
FVJN,2024-04-10 08:00,BKN,,,1600.00,,
FVJN,2024-04-10 15:00,BKN,,,3500.00,,
FVJN,2024-04-11 05:00,,,,,,
FVJN,2024-04-11 09:00,,,,,,
FVJN,2024-04-11 12:00,,,,,,
FVJN,2024-04-12 07:00,BKN,,,1000.00,,
FVJN,2024-04-12 08:00,SCT,,,2500.00,,
FVJN,2024-04-12 09:00,SCT,,,3000.00,,
FVJN,2024-04-12 10:00,SCT,,,3500.00,,
FVJN,2024-04-12 13:00,FEW,SCT,,4000.00,10000.00,
FVJN,2024-04-12 14:00,FEW,BKN,,4000.00,10000.00,
FVJN,2024-04-12 15:00,FEW,BKN,,4000.00,30000.00,
FVJN,2024-04-12 16:00,FEW,BKN,,4000.00,30000.00,
FVJN,2024-04-13 04:00,,,,,,
FVJN,2024-04-13 05:00,,,,,,
FVJN,2024-04-13 06:00,FEW,BKN,,1000.00,10000.00,
FVJN,2024-04-13 07:00,FEW,BKN,,1500.00,9000.00,
FVJN,2024-04-13 08:00,FEW,BKN,,2000.00,9000.00,
FVJN,2024-04-13 09:00,FEW,BKN,,2500.00,10000.00,
FVJN,2024-04-13 12:00,SCT,SCT,,3500.00,9000.00,
FVJN,2024-04-13 14:00,BKN,,,3500.00,,
FVJN,2024-04-13 15:00,SCT,BKN,,3500.00,9000.00,
FVJN,2024-04-14 03:00,,,,,,
FVJN,2024-04-14 04:00,NSC,,,,,
FVJN,2024-04-14 06:00,FEW,,,500.00,,
FVJN,2024-04-14 07:00,,,,,,
FVJN,2024-04-14 08:00,FEW,,,3000.00,,
FVJN,2024-04-14 09:00,,,,,,
FVJN,2024-04-14 10:00,,,,,,
FVJN,2024-04-14 11:00,,,,,,
FVJN,2024-04-14 12:00,,,,,,
FVJN,2024-04-14 13:00,,,,,,
FVJN,2024-04-14 14:00,,,,,,
FVJN,2024-04-14 15:00,,,,,,
FVJN,2024-04-14 16:00,,,,,,
FVJN,2024-04-15 04:00,,,,,,
FVJN,2024-04-15 05:00,,,,,,
FVJN,2024-04-15 06:00,,,,,,
FVJN,2024-04-15 07:00,FEW,,,3000.00,,
FVJN,2024-04-15 08:00,SCT,,,3500.00,,
FVJN,2024-04-15 10:00,BKN,,,4000.00,,
FVJN,2024-04-15 11:00,BKN,,,4000.00,,
FVJN,2024-04-15 12:00,BKN,,,4500.00,,
FVJN,2024-04-15 13:00,,,,,,
FVJN,2024-04-15 15:00,,,,,,
FVJN,2024-04-16 04:00,,,,,,
FVJN,2024-04-16 06:00,,,,,,
FVJN,2024-04-16 07:00,,,,,,
FVJN,2024-04-16 08:00,FEW,,,3500.00,,
FVJN,2024-04-16 09:00,SCT,,,4800.00,,
FVJN,2024-04-16 10:00,,,,,,
FVJN,2024-04-16 11:00,,,,,,
FVJN,2024-04-16 12:00,,,,,,
FVJN,2024-04-16 13:00,,,,,,
FVJN,2024-04-16 14:00,,,,,,
FVJN,2024-04-16 15:00,,,,,,
FVJN,2024-04-16 16:00,,,,,,
FVJN,2024-04-17 03:00,,,,,,
FVJN,2024-04-17 04:00,,,,,,
FVJN,2024-04-17 06:00,,,,,,
FVJN,2024-04-17 07:00,,,,,,
FVJN,2024-04-17 09:00,,,,,,
FVJN,2024-04-17 10:00,,,,,,
FVJN,2024-04-17 11:00,,,,,,
FVJN,2024-04-17 13:00,,,,,,
FVJN,2024-04-17 14:00,,,,,,
FVJN,2024-04-17 16:00,,,,,,
FVJN,2024-04-18 03:00,,,,,,
FVJN,2024-04-18 04:00,,,,,,
FVJN,2024-04-18 05:00,,,,,,
FVJN,2024-04-18 06:00,,,,,,
FVJN,2024-04-18 10:00,,,,,,
FVJN,2024-04-18 13:00,,,,,,
FVJN,2024-04-18 14:00,,,,,,
FVJN,2024-04-18 15:00,,,,,,
FVJN,2024-04-19 03:00,,,,,,
FVJN,2024-04-19 04:00,,,,,,
FVJN,2024-04-19 05:00,,,,,,
FVJN,2024-04-19 06:00,,,,,,
FVJN,2024-04-19 10:00,,,,,,
FVJN,2024-04-19 14:00,,,,,,
FVJN,2024-04-20 03:00,,,,,,
FVJN,2024-04-20 06:00,,,,,,
FVJN,2024-04-20 07:00,,,,,,
FVJN,2024-04-20 09:00,,,,,,
FVJN,2024-04-20 14:00,,,,,,
FVJN,2024-04-22 08:00,,,,,,
FVJN,2024-04-22 09:00,,,,,,
FVJN,2024-04-22 10:00,,,,,,
FVJN,2024-04-22 11:00,,,,,,
FVJN,2024-04-22 12:00,,,,,,
FVJN,2024-04-22 13:00,,,,,,
FVJN,2024-04-22 15:00,,,,,,
FVJN,2024-04-22 16:00,,,,,,
FVJN,2024-04-23 03:00,,,,,,
FVJN,2024-04-23 04:00,,,,,,
FVJN,2024-04-23 05:00,,,,,,
FVJN,2024-04-23 06:00,,,,,,
FVJN,2024-04-23 07:00,,,,,,
FVJN,2024-04-23 08:00,,,,,,
FVJN,2024-04-23 09:00,,,,,,
FVJN,2024-04-23 10:00,,,,,,
FVJN,2024-04-23 12:00,,,,,,
FVJN,2024-04-23 13:00,,,,,,
FVJN,2024-04-23 14:00,,,,,,
FVJN,2024-04-23 15:00,,,,,,
FVJN,2024-04-23 17:00,,,,,,
FVJN,2024-04-24 03:00,,,,,,
FVJN,2024-04-24 04:00,,,,,,
FVJN,2024-04-24 05:00,,,,,,
FVJN,2024-04-24 06:00,,,,,,
FVJN,2024-04-24 08:00,,,,,,
FVJN,2024-04-24 09:00,,,,,,
FVJN,2024-04-24 10:00,,,,,,
FVJN,2024-04-24 11:00,,,,,,
FVJN,2024-04-24 12:00,,,,,,
FVJN,2024-04-24 13:00,,,,,,
FVJN,2024-04-24 14:00,,,,,,
FVJN,2024-04-24 15:00,,,,,,
FVJN,2024-04-24 16:00,,,,,,
FVJN,2024-04-25 03:00,,,,,,
FVJN,2024-04-25 04:00,,,,,,
FVJN,2024-04-25 05:00,,,,,,
FVJN,2024-04-25 06:00,,,,,,
FVJN,2024-04-25 07:00,,,,,,
FVJN,2024-04-25 09:00,,,,,,
FVJN,2024-04-25 13:00,,,,,,
FVJN,2024-04-25 14:00,,,,,,
FVJN,2024-04-25 15:00,,,,,,
FVJN,2024-04-26 03:00,,,,,,
FVJN,2024-04-26 04:00,,,,,,
FVJN,2024-04-26 05:00,,,,,,
FVJN,2024-04-26 06:00,,,,,,
FVJN,2024-04-26 07:00,,,,,,
FVJN,2024-04-26 10:00,,,,,,
FVJN,2024-04-26 11:00,,,,,,
FVJN,2024-04-26 12:00,,,,,,
FVJN,2024-04-26 15:00,,,,,,
FVJN,2024-04-27 03:00,FEW,,,600.00,,
FVJN,2024-04-27 04:00,SCT,,,800.00,,
FVJN,2024-04-27 05:00,FEW,,,800.00,,
FVJN,2024-04-27 06:00,BKN,,,1000.00,,
FVJN,2024-04-27 08:00,SCT,,,4000.00,,
FVJN,2024-04-27 09:00,BKN,,,3500.00,,
FVJN,2024-04-27 10:00,BKN,,,4500.00,,
FVJN,2024-04-27 11:00,SCT,,,4500.00,,
FVJN,2024-04-27 12:00,BKN,,,4500.00,,
FVJN,2024-04-27 13:00,SCT,,,4500.00,,
FVJN,2024-04-27 14:00,FEW,SCT,,4000.00,5000.00,
FVJN,2024-04-27 15:00,,,,,,
FVJN,2024-04-28 03:00,BKN,,,800.00,,
FVJN,2024-04-28 06:00,BKN,,,1500.00,,
FVJN,2024-04-28 07:00,BKN,,,1500.00,,
FVJN,2024-04-28 08:00,BKN,,,2000.00,,
FVJN,2024-04-28 09:00,BKN,,,2500.00,,
FVJN,2024-04-28 10:00,BKN,,,3000.00,,
FVJN,2024-04-28 12:00,SCT,,,4000.00,,
FVJN,2024-04-28 13:00,FEW,,,4500.00,,
FVJN,2024-04-28 14:00,FEW,,,4500.00,,
FVJN,2024-04-29 03:00,,,,,,
FVJN,2024-04-29 04:00,FEW,,,1500.00,,
FVJN,2024-04-29 05:00,FEW,,,1500.00,,
FVJN,2024-04-29 06:00,BKN,,,1000.00,,
FVJN,2024-04-29 07:00,FEW,,,2500.00,,
FVJN,2024-04-30 04:00,,,,,,
FVJN,2024-04-30 07:00,,,,,,
FVJN,2024-04-30 08:00,,,,,,
FVJN,2024-04-30 09:00,,,,,,
FVJN,2024-04-30 10:00,,,,,,
FVJN,2024-04-30 11:00,,,,,,
FVJN,2024-04-30 12:00,,,,,,
FVJN,2024-04-30 13:00,,,,,,
FVJN,2024-04-30 14:00,,,,,,
FVJN,2024-04-30 15:00,,,,,,
FVJN,2024-05-01 04:00,,,,,,
FVJN,2024-05-01 05:00,,,,,,
FVJN,2024-05-01 06:00,,,,,,
FVJN,2024-05-01 07:00,,,,,,
FVJN,2024-05-01 08:00,,,,,,
FVJN,2024-05-01 09:00,,,,,,
FVJN,2024-05-01 10:00,,,,,,
FVJN,2024-05-01 12:00,,,,,,
FVJN,2024-05-01 13:00,,,,,,
FVJN,2024-05-01 15:00,,,,,,
FVJN,2024-05-01 16:00,,,,,,
FVJN,2024-05-02 03:00,,,,,,
FVJN,2024-05-02 04:00,,,,,,
FVJN,2024-05-02 05:00,,,,,,
FVJN,2024-05-02 06:00,,,,,,
FVJN,2024-05-03 08:00,,,,,,
FVJN,2024-05-03 09:00,,,,,,
FVJN,2024-05-03 10:00,,,,,,
FVJN,2024-05-03 12:00,,,,,,
FVJN,2024-05-03 14:00,,,,,,
FVJN,2024-05-03 15:00,,,,,,
FVJN,2024-05-03 16:00,,,,,,
FVJN,2024-05-04 04:00,,,,,,
FVJN,2024-05-04 05:00,FEW,,,1000.00,,
FVJN,2024-05-04 06:00,BKN,,,800.00,,
FVJN,2024-05-04 10:00,,,,,,
FVJN,2024-05-04 12:00,,,,,,
FVJN,2024-05-04 13:00,,,,,,
FVJN,2024-05-04 15:00,,,,,,
FVJN,2024-05-05 03:00,,,,,,
FVJN,2024-05-05 04:00,,,,,,
FVJN,2024-05-05 05:00,,,,,,
FVJN,2024-05-05 07:00,,,,,,
FVJN,2024-05-05 08:00,,,,,,
FVJN,2024-05-05 09:00,,,,,,
FVJN,2024-05-05 10:00,,,,,,
FVJN,2024-05-05 11:00,,,,,,
FVJN,2024-05-05 12:00,,,,,,
FVJN,2024-05-05 13:00,,,,,,
FVJN,2024-05-05 14:00,,,,,,
FVJN,2024-05-05 15:00,,,,,,
FVJN,2024-05-06 03:00,,,,,,
FVJN,2024-05-06 04:00,,,,,,
FVJN,2024-05-06 05:00,,,,,,
FVJN,2024-05-06 06:00,,,,,,
FVJN,2024-05-06 07:00,,,,,,
FVJN,2024-05-06 08:00,,,,,,
FVJN,2024-05-06 09:00,,,,,,
FVJN,2024-05-06 10:00,,,,,,
FVJN,2024-05-06 11:00,,,,,,
FVJN,2024-05-06 12:00,,,,,,
FVJN,2024-05-06 13:00,,,,,,
FVJN,2024-05-06 14:00,,,,,,
FVJN,2024-05-06 15:00,,,,,,
FVJN,2024-05-07 03:00,,,,,,
FVJN,2024-05-07 04:00,,,,,,
FVJN,2024-05-07 05:00,,,,,,
FVJN,2024-05-07 06:00,,,,,,
FVJN,2024-05-07 07:00,,,,,,
FVJN,2024-05-07 08:00,,,,,,
FVJN,2024-05-07 09:00,,,,,,
FVJN,2024-05-07 10:00,,,,,,
FVJN,2024-05-07 11:00,,,,,,
FVJN,2024-05-07 12:00,,,,,,
FVJN,2024-05-07 13:00,,,,,,
FVJN,2024-05-07 15:00,,,,,,
FVJN,2024-05-08 03:00,,,,,,
FVJN,2024-05-08 04:00,,,,,,
FVJN,2024-05-08 06:00,,,,,,
FVJN,2024-05-08 07:00,,,,,,
FVJN,2024-05-08 08:00,,,,,,
FVJN,2024-05-08 09:00,,,,,,
FVJN,2024-05-08 10:00,,,,,,
FVJN,2024-05-08 11:00,,,,,,
FVJN,2024-05-08 12:00,,,,,,
FVJN,2024-05-08 13:00,,,,,,
FVJN,2024-05-08 14:00,,,,,,
FVJN,2024-05-08 15:00,,,,,,
FVJN,2024-05-08 16:00,,,,,,
FVJN,2024-05-09 03:00,,,,,,
FVJN,2024-05-09 04:00,,,,,,
FVJN,2024-05-09 05:00,,,,,,
FVJN,2024-05-09 06:00,,,,,,
FVJN,2024-05-09 08:00,,,,,,
FVJN,2024-05-09 09:00,,,,,,
FVJN,2024-05-09 10:00,,,,,,
FVJN,2024-05-09 11:00,,,,,,
FVJN,2024-05-09 12:00,,,,,,
FVJN,2024-05-09 13:00,,,,,,
FVJN,2024-05-09 14:00,,,,,,
FVJN,2024-05-10 03:00,,,,,,
FVJN,2024-05-10 04:00,,,,,,
FVJN,2024-05-10 05:00,,,,,,
FVJN,2024-05-10 07:00,,,,,,
FVJN,2024-05-10 08:00,,,,,,
FVJN,2024-05-10 09:00,,,,,,
FVJN,2024-05-10 10:00,,,,,,
FVJN,2024-05-10 11:00,,,,,,
FVJN,2024-05-10 12:00,,,,,,
FVJN,2024-05-10 13:00,,,,,,
FVJN,2024-05-10 14:00,,,,,,
FVJN,2024-05-10 15:00,,,,,,
FVJN,2024-05-11 03:00,,,,,,
FVJN,2024-05-11 04:00,,,,,,
FVJN,2024-05-11 05:00,,,,,,
FVJN,2024-05-11 06:00,,,,,,
FVJN,2024-05-11 07:00,,,,,,
FVJN,2024-05-11 08:00,,,,,,
FVJN,2024-05-11 11:00,,,,,,
FVJN,2024-05-11 14:00,,,,,,
FVJN,2024-05-12 06:00,,,,,,
FVJN,2024-05-12 07:00,,,,,,
FVJN,2024-05-12 10:00,,,,,,
FVJN,2024-05-12 11:00,,,,,,
FVJN,2024-05-13 07:00,SCT,,,2000.00,,
FVJN,2024-05-13 08:00,SCT,,,2500.00,,
FVJN,2024-05-13 09:00,FEW,,,4000.00,,
FVJN,2024-05-13 10:00,,,,,,
FVJN,2024-05-13 11:00,,,,,,
FVJN,2024-05-13 12:00,,,,,,
FVJN,2024-05-13 13:00,,,,,,
FVJN,2024-05-14 03:00,FEW,,,500.00,,
FVJN,2024-05-14 04:00,FEW,,,500.00,,
FVJN,2024-05-14 05:00,SCT,,,600.00,,
FVJN,2024-05-14 07:00,BKN,,,1600.00,,
FVJN,2024-05-14 08:00,BKN,,,2000.00,,
FVJN,2024-05-14 09:00,BKN,,,3000.00,,
FVJN,2024-05-14 10:00,,,,,,
FVJN,2024-05-14 11:00,,,,,,
FVJN,2024-05-14 12:00,,,,,,
FVJN,2024-05-14 13:00,,,,,,
FVJN,2024-05-14 14:00,,,,,,
FVJN,2024-05-14 15:00,,,,,,
FVJN,2024-05-15 03:00,,,,,,
FVJN,2024-05-15 04:00,,,,,,
FVJN,2024-05-15 06:00,BKN,,,1000.00,,
FVJN,2024-05-15 07:00,BKN,,,1600.00,,
FVJN,2024-05-15 08:00,FEW,,,2500.00,,
FVJN,2024-05-15 09:00,FEW,,,4000.00,,
FVJN,2024-05-15 10:00,FEW,,,4500.00,,
FVJN,2024-05-15 11:00,,,,,,
FVJN,2024-05-15 12:00,,,,,,
FVJN,2024-05-15 13:00,,,,,,
FVJN,2024-05-15 14:00,,,,,,
FVJN,2024-05-15 15:00,,,,,,
FVJN,2024-05-16 03:00,,,,,,
FVJN,2024-05-16 05:00,,,,,,
FVJN,2024-05-16 06:00,,,,,,
FVJN,2024-05-16 07:00,,,,,,
FVJN,2024-05-16 08:00,FEW,,,4500.00,,
FVJN,2024-05-16 09:00,,,,,,
FVJN,2024-05-16 10:00,,,,,,
FVJN,2024-05-16 11:00,,,,,,
FVJN,2024-05-16 12:00,,,,,,
FVJN,2024-05-16 14:00,,,,,,
FVJN,2024-05-16 15:00,,,,,,
FVJN,2024-05-16 16:00,,,,,,
FVJN,2024-05-17 03:00,,,,,,
FVJN,2024-05-17 04:00,,,,,,
FVJN,2024-05-17 05:00,,,,,,
FVJN,2024-05-17 06:00,,,,,,
FVJN,2024-05-17 07:00,,,,,,
FVJN,2024-05-17 10:00,,,,,,
FVJN,2024-05-17 12:00,,,,,,
FVJN,2024-05-17 13:00,,,,,,
FVJN,2024-05-17 14:00,,,,,,
FVJN,2024-05-17 15:00,,,,,,
FVJN,2024-05-18 03:00,,,,,,
FVJN,2024-05-18 04:00,,,,,,
FVJN,2024-05-18 05:00,,,,,,
FVJN,2024-05-18 06:00,,,,,,
FVJN,2024-05-18 08:00,,,,,,
FVJN,2024-05-18 09:00,,,,,,
FVJN,2024-05-18 10:00,,,,,,
FVJN,2024-05-18 12:00,,,,,,
FVJN,2024-05-18 13:00,,,,,,
FVJN,2024-05-18 14:00,,,,,,
FVJN,2024-05-18 15:00,,,,,,
FVJN,2024-05-19 03:00,,,,,,
FVJN,2024-05-19 04:00,,,,,,
FVJN,2024-05-19 05:00,,,,,,
FVJN,2024-05-19 06:00,,,,,,
FVJN,2024-05-19 08:00,,,,,,
FVJN,2024-05-19 09:00,,,,,,
FVJN,2024-05-19 10:00,,,,,,
FVJN,2024-05-19 11:00,,,,,,
FVJN,2024-05-19 14:00,,,,,,
FVJN,2024-05-19 15:00,,,,,,
FVJN,2024-05-19 16:00,,,,,,
FVJN,2024-05-20 03:00,,,,,,
FVJN,2024-05-20 04:00,,,,,,
FVJN,2024-05-20 05:00,,,,,,
FVJN,2024-05-20 06:00,,,,,,
FVJN,2024-05-20 07:00,FEW,,,2000.00,,
FVJN,2024-05-20 08:00,,,,,,
FVJN,2024-05-20 09:00,,,,,,
FVJN,2024-05-20 10:00,,,,,,
FVJN,2024-05-20 11:00,,,,,,
FVJN,2024-05-20 12:00,,,,,,
FVJN,2024-05-20 13:00,,,,,,
FVJN,2024-05-20 14:00,,,,,,
FVJN,2024-05-20 15:00,,,,,,
FVJN,2024-05-20 16:00,,,,,,
FVJN,2024-05-21 03:00,,,,,,
FVJN,2024-05-21 04:00,,,,,,
FVJN,2024-05-21 05:00,,,,,,
FVJN,2024-05-21 06:00,,,,,,
FVJN,2024-05-21 07:00,,,,,,
FVJN,2024-05-21 08:00,,,,,,
FVJN,2024-05-21 09:00,,,,,,
FVJN,2024-05-21 10:00,,,,,,
FVJN,2024-05-21 12:00,,,,,,
FVJN,2024-05-22 06:00,,,,,,
FVJN,2024-05-22 07:00,,,,,,
FVJN,2024-05-22 09:00,,,,,,
FVJN,2024-05-23 06:00,,,,,,
FVJN,2024-05-23 07:00,,,,,,
FVJN,2024-05-23 08:00,,,,,,
FVJN,2024-05-23 09:00,,,,,,
FVJN,2024-05-23 10:00,,,,,,
FVJN,2024-05-23 11:00,,,,,,
FVJN,2024-05-23 12:00,,,,,,
FVJN,2024-05-23 13:00,,,,,,
FVJN,2024-05-23 14:00,,,,,,
FVJN,2024-05-23 15:00,,,,,,
FVJN,2024-05-23 16:00,,,,,,
FVJN,2024-05-24 03:00,,,,,,
FVJN,2024-05-24 04:00,,,,,,
FVJN,2024-05-24 05:00,,,,,,
FVJN,2024-05-24 06:00,,,,,,
FVJN,2024-05-24 07:00,,,,,,
FVJN,2024-05-24 08:00,,,,,,
FVJN,2024-05-24 09:00,,,,,,
FVJN,2024-05-24 10:00,,,,,,
FVJN,2024-05-24 12:00,,,,,,
FVJN,2024-05-24 13:00,,,,,,
FVJN,2024-05-24 14:00,,,,,,
FVJN,2024-05-24 15:00,,,,,,
FVJN,2024-05-24 16:00,,,,,,
FVJN,2024-05-25 03:00,,,,,,
FVJN,2024-05-25 04:00,,,,,,
FVJN,2024-05-25 05:00,,,,,,
FVJN,2024-05-25 06:00,,,,,,
FVJN,2024-05-25 07:00,,,,,,
FVJN,2024-05-25 08:00,,,,,,
FVJN,2024-05-25 09:00,,,,,,
FVJN,2024-05-25 10:00,,,,,,
FVJN,2024-05-25 11:00,,,,,,
FVJN,2024-05-25 12:00,,,,,,
FVJN,2024-05-25 13:00,,,,,,
FVJN,2024-05-25 14:00,,,,,,
FVJN,2024-05-25 15:00,,,,,,
FVJN,2024-05-26 03:00,,,,,,
FVJN,2024-05-26 04:00,,,,,,
FVJN,2024-05-26 05:00,,,,,,
FVJN,2024-05-26 06:00,,,,,,
FVJN,2024-05-26 08:00,,,,,,
FVJN,2024-05-26 09:00,,,,,,
FVJN,2024-05-26 10:00,,,,,,
FVJN,2024-05-26 12:00,,,,,,
FVJN,2024-05-26 13:00,,,,,,
FVJN,2024-05-26 14:00,,,,,,
FVJN,2024-05-26 15:00,,,,,,
FVJN,2024-05-26 16:00,,,,,,
FVJN,2024-05-27 03:00,,,,,,
FVJN,2024-05-27 04:00,,,,,,
FVJN,2024-05-27 05:00,,,,,,
FVJN,2024-05-27 06:00,,,,,,
FVJN,2024-05-27 08:00,,,,,,
FVJN,2024-05-27 09:00,,,,,,
FVJN,2024-05-27 10:00,,,,,,
FVJN,2024-05-27 11:00,,,,,,
FVJN,2024-05-27 12:00,,,,,,
FVJN,2024-05-27 13:00,,,,,,
FVJN,2024-05-27 14:00,,,,,,
FVJN,2024-05-27 15:00,,,,,,
FVJN,2024-05-28 03:00,,,,,,
FVJN,2024-05-28 04:00,FEW,,,1000.00,,
FVJN,2024-05-28 05:00,FEW,,,1000.00,,
FVJN,2024-05-28 06:00,FEW,,,1500.00,,
FVJN,2024-05-28 09:00,,,,,,
FVJN,2024-05-28 10:00,,,,,,
FVJN,2024-05-28 11:00,,,,,,
FVJN,2024-05-28 12:00,,,,,,
FVJN,2024-05-28 13:00,,,,,,
FVJN,2024-05-28 14:00,,,,,,
FVJN,2024-05-28 15:00,,,,,,
FVJN,2024-05-28 16:00,,,,,,
FVJN,2024-05-29 06:00,,,,,,
FVJN,2024-05-29 07:00,,,,,,
FVJN,2024-05-29 08:00,,,,,,
FVJN,2024-05-29 09:00,,,,,,
FVJN,2024-05-29 10:00,,,,,,
FVJN,2024-05-29 13:00,,,,,,
FVJN,2024-05-29 15:00,,,,,,
FVJN,2024-05-30 04:00,,,,,,
FVJN,2024-05-30 05:00,,,,,,
FVJN,2024-05-30 06:00,,,,,,
FVJN,2024-05-30 07:00,,,,,,
FVJN,2024-05-30 09:00,,,,,,
FVJN,2024-05-31 05:00,,,,,,
FVJN,2024-05-31 06:00,,,,,,
FVJN,2024-05-31 07:00,,,,,,
FVJN,2024-05-31 08:00,,,,,,
FVJN,2024-05-31 09:00,,,,,,
FVJN,2024-05-31 10:00,,,,,,
FVJN,2024-05-31 11:00,,,,,,
FVJN,2024-05-31 12:00,,,,,,
FVJN,2024-05-31 13:00,,,,,,
FVJN,2024-05-31 14:00,,,,,,
FVJN,2024-05-31 15:00,,,,,,
FVJN,2024-06-01 03:00,,,,,,
FVJN,2024-06-01 04:00,,,,,,
FVJN,2024-06-01 05:00,,,,,,
FVJN,2024-06-01 06:00,,,,,,
FVJN,2024-06-01 07:00,,,,,,
FVJN,2024-06-01 08:00,,,,,,
FVJN,2024-06-01 09:00,,,,,,
FVJN,2024-06-01 10:00,,,,,,
FVJN,2024-06-01 11:00,,,,,,
FVJN,2024-06-01 12:00,,,,,,
FVJN,2024-06-01 13:00,,,,,,
FVJN,2024-06-01 14:00,,,,,,
FVJN,2024-06-01 15:00,,,,,,
FVJN,2024-06-01 16:00,,,,,,
FVJN,2024-06-02 03:00,,,,,,
FVJN,2024-06-02 04:00,,,,,,
FVJN,2024-06-02 05:00,,,,,,
FVJN,2024-06-02 06:00,,,,,,
FVJN,2024-06-02 07:00,,,,,,
FVJN,2024-06-02 08:00,,,,,,
FVJN,2024-06-02 09:00,,,,,,
FVJN,2024-06-02 10:00,,,,,,
FVJN,2024-06-02 11:00,,,,,,
FVJN,2024-06-02 13:00,,,,,,
FVJN,2024-06-03 09:00,,,,,,
FVJN,2024-06-04 04:00,,,,,,
FVJN,2024-06-04 05:00,,,,,,
FVJN,2024-06-04 07:00,,,,,,
FVJN,2024-06-04 08:00,,,,,,
FVJN,2024-06-04 09:00,,,,,,
FVJN,2024-06-04 10:00,,,,,,
FVJN,2024-06-04 11:00,,,,,,
FVJN,2024-06-04 12:00,,,,,,
FVJN,2024-06-04 13:00,,,,,,
FVJN,2024-06-04 14:00,,,,,,
FVJN,2024-06-04 15:00,,,,,,
FVJN,2024-06-04 16:00,,,,,,
FVJN,2024-06-05 03:00,,,,,,
FVJN,2024-06-05 04:00,,,,,,
FVJN,2024-06-05 05:00,,,,,,
FVJN,2024-06-05 06:00,,,,,,
FVJN,2024-06-05 07:00,,,,,,
FVJN,2024-06-05 08:00,,,,,,
FVJN,2024-06-05 09:00,,,,,,
FVJN,2024-06-05 10:00,,,,,,
FVJN,2024-06-05 12:00,,,,,,
FVJN,2024-06-05 15:00,,,,,,
FVJN,2024-06-06 03:00,,,,,,
FVJN,2024-06-06 04:00,,,,,,
FVJN,2024-06-06 05:00,,,,,,
FVJN,2024-06-06 06:00,,,,,,
FVJN,2024-06-06 07:00,,,,,,
FVJN,2024-06-06 08:00,,,,,,
FVJN,2024-06-06 09:00,,,,,,
FVJN,2024-06-06 12:00,,,,,,
FVJN,2024-06-06 13:00,,,,,,
FVJN,2024-06-06 15:00,,,,,,
FVJN,2024-06-06 16:00,,,,,,
FVJN,2024-06-07 04:00,,,,,,
FVJN,2024-06-07 06:00,,,,,,
FVJN,2024-06-07 07:00,,,,,,
FVJN,2024-06-07 08:00,,,,,,
FVJN,2024-06-07 09:00,,,,,,
FVJN,2024-06-07 10:00,,,,,,
FVJN,2024-06-07 12:00,,,,,,
FVJN,2024-06-07 13:00,,,,,,
FVJN,2024-06-07 14:00,,,,,,
FVJN,2024-06-07 16:00,,,,,,
FVJN,2024-06-08 03:00,,,,,,
FVJN,2024-06-08 04:00,,,,,,
FVJN,2024-06-08 05:00,FEW,,,800.00,,
FVJN,2024-06-08 06:00,FEW,,,800.00,,
FVJN,2024-06-08 07:00,FEW,,,1000.00,,
FVJN,2024-06-08 08:00,FEW,,,1000.00,,
FVJN,2024-06-08 09:00,FEW,,,2000.00,,
FVJN,2024-06-08 11:00,FEW,,,2000.00,,
FVJN,2024-06-08 12:00,FEW,,,2500.00,,
FVJN,2024-06-08 13:00,FEW,,,2500.00,,
FVJN,2024-06-08 14:00,,,,,,
FVJN,2024-06-08 15:00,FEW,,,2000.00,,
FVJN,2024-06-09 05:00,BKN,,,800.00,,
FVJN,2024-06-09 06:00,BKN,,,800.00,,
FVJN,2024-06-09 07:00,BKN,,,1000.00,,
FVJN,2024-06-09 09:00,FEW,,,3000.00,,
FVJN,2024-06-09 10:00,FEW,,,3000.00,,
FVJN,2024-06-09 11:00,FEW,,,3000.00,,
FVJN,2024-06-09 12:00,FEW,,,4000.00,,
FVJN,2024-06-09 13:00,FEW,,,4500.00,,
FVJN,2024-06-09 14:00,FEW,,,4500.00,,
FVJN,2024-06-09 15:00,FEW,,,4500.00,,
FVJN,2024-06-10 03:00,,,,,,
FVJN,2024-06-10 04:00,,,,,,
FVJN,2024-06-10 05:00,BKN,,,800.00,,
FVJN,2024-06-10 09:00,FEW,,,4000.00,,
FVJN,2024-06-10 10:00,FEW,,,4500.00,,
FVJN,2024-06-10 12:00,,,,,,
FVJN,2024-06-10 15:00,,,,,,
FVJN,2024-06-11 03:00,,,,,,
FVJN,2024-06-11 04:00,FEW,,,1700.00,,
FVJN,2024-06-11 05:00,BKN,,,1000.00,,
FVJN,2024-06-11 06:00,BKN,,,1200.00,,
FVJN,2024-06-11 08:00,FEW,,,2500.00,,
FVJN,2024-06-11 09:00,FEW,,,3500.00,,
FVJN,2024-06-11 10:00,FEW,,,4500.00,,
FVJN,2024-06-11 11:00,,,,,,
FVJN,2024-06-11 12:00,,,,,,
FVJN,2024-06-11 13:00,,,,,,
FVJN,2024-06-11 14:00,,,,,,
FVJN,2024-06-11 15:00,,,,,,
FVJN,2024-06-11 16:00,,,,,,
FVJN,2024-06-12 04:00,,,,,,
FVJN,2024-06-12 05:00,,,,,,
FVJN,2024-06-12 06:00,,,,,,
FVJN,2024-06-12 07:00,,,,,,
FVJN,2024-06-12 08:00,,,,,,
FVJN,2024-06-12 09:00,,,,,,
FVJN,2024-06-12 12:00,,,,,,
FVJN,2024-06-12 14:00,,,,,,
FVJN,2024-06-13 06:00,,,,,,
FVJN,2024-06-13 07:00,,,,,,
FVJN,2024-06-13 09:00,,,,,,
FVJN,2024-06-13 12:00,,,,,,
FVJN,2024-06-14 06:00,,,,,,
FVJN,2024-06-14 07:00,,,,,,
FVJN,2024-06-14 08:00,,,,,,
FVJN,2024-06-14 09:00,,,,,,
FVJN,2024-06-14 10:00,,,,,,
FVJN,2024-06-14 11:00,,,,,,
FVJN,2024-06-14 12:00,,,,,,
FVJN,2024-06-14 13:00,,,,,,
FVJN,2024-06-14 14:00,,,,,,
FVJN,2024-06-15 03:00,,,,,,
FVJN,2024-06-15 04:00,,,,,,
FVJN,2024-06-15 05:00,,,,,,
FVJN,2024-06-15 07:00,,,,,,
FVJN,2024-06-15 08:00,FEW,,,4500.00,,
FVJN,2024-06-15 09:00,,,,,,
FVJN,2024-06-15 10:00,,,,,,
FVJN,2024-06-15 15:00,,,,,,
FVJN,2024-06-16 04:00,FEW,,,800.00,,
FVJN,2024-06-16 05:00,FEW,,,800.00,,
FVJN,2024-06-16 06:00,BKN,,,1000.00,,
FVJN,2024-06-16 07:00,FEW,,,1800.00,,
FVJN,2024-06-16 08:00,FEW,,,2500.00,,
FVJN,2024-06-16 09:00,FEW,,,3000.00,,
FVJN,2024-06-16 10:00,SCT,,,3500.00,,
FVJN,2024-06-16 11:00,SCT,,,4500.00,,
FVJN,2024-06-16 12:00,SCT,,,4500.00,,
FVJN,2024-06-16 13:00,SCT,,,4500.00,,
FVJN,2024-06-16 14:00,FEW,SCT,,4500.00,8000.00,
FVJN,2024-06-16 15:00,FEW,BKN,,4500.00,8000.00,
FVJN,2024-06-17 04:00,BKN,,,1000.00,,
FVJN,2024-06-17 05:00,FEW,BKN,,1000.00,9000.00,
FVJN,2024-06-17 06:00,FEW,BKN,,1000.00,9000.00,
FVJN,2024-06-17 07:00,FEW,BKN,,1500.00,9000.00,
FVJN,2024-06-17 08:00,,,,,,
FVJN,2024-06-17 09:00,,,,,,
FVJN,2024-06-17 10:00,,,,,,
FVJN,2024-06-17 11:00,,,,,,
FVJN,2024-06-17 12:00,,,,,,
FVJN,2024-06-17 13:00,,,,,,
FVJN,2024-06-17 14:00,,,,,,
FVJN,2024-06-17 15:00,,,,,,
FVJN,2024-06-17 16:00,,,,,,
FVJN,2024-06-18 07:00,,,,,,
FVJN,2024-06-18 09:00,,,,,,
FVJN,2024-06-18 10:00,,,,,,
FVJN,2024-06-18 12:00,,,,,,
FVJN,2024-06-18 13:00,,,,,,
FVJN,2024-06-18 14:00,,,,,,
FVJN,2024-06-18 15:00,,,,,,
FVJN,2024-06-18 16:00,,,,,,
FVJN,2024-06-19 03:00,,,,,,
FVJN,2024-06-19 04:00,,,,,,
FVJN,2024-06-19 05:00,,,,,,
FVJN,2024-06-19 06:00,,,,,,
FVJN,2024-06-19 07:00,,,,,,
FVJN,2024-06-19 09:00,,,,,,
FVJN,2024-06-19 10:00,,,,,,
FVJN,2024-06-19 11:00,,,,,,
FVJN,2024-06-19 12:00,,,,,,
FVJN,2024-06-19 13:00,,,,,,
FVJN,2024-06-19 14:00,,,,,,
FVJN,2024-06-19 15:00,,,,,,
FVJN,2024-06-20 04:00,,,,,,
FVJN,2024-06-20 05:00,,,,,,
FVJN,2024-06-20 06:00,,,,,,
FVJN,2024-06-20 07:00,,,,,,
FVJN,2024-06-20 08:00,,,,,,
FVJN,2024-06-20 09:00,,,,,,
FVJN,2024-06-20 10:00,,,,,,
FVJN,2024-06-20 12:00,,,,,,
FVJN,2024-06-21 03:00,FEW,,,1000.00,,
FVJN,2024-06-21 07:00,BKN,,,1200.00,,
FVJN,2024-06-21 09:00,,,,,,
FVJN,2024-06-21 10:00,,,,,,
FVJN,2024-06-21 11:00,,,,,,
FVJN,2024-06-21 12:00,,,,,,
FVJN,2024-06-21 13:00,,,,,,
FVJN,2024-06-21 14:00,,,,,,
FVJN,2024-06-21 16:00,,,,,,
FVJN,2024-06-22 03:00,,,,,,
FVJN,2024-06-22 04:00,,,,,,
FVJN,2024-06-22 05:00,,,,,,
FVJN,2024-06-22 06:00,,,,,,
FVJN,2024-06-22 07:00,,,,,,
FVJN,2024-06-22 08:00,,,,,,
FVJN,2024-06-22 10:00,,,,,,
FVJN,2024-06-22 11:00,,,,,,
FVJN,2024-06-22 12:00,,,,,,
FVJN,2024-06-22 13:00,,,,,,
FVJN,2024-06-22 14:00,,,,,,
FVJN,2024-06-23 03:00,,,,,,
FVJN,2024-06-23 06:00,FEW,,,2000.00,,
FVJN,2024-06-23 09:00,BKN,,,3000.00,,
FVJN,2024-06-23 10:00,BKN,,,3000.00,,
FVJN,2024-06-23 12:00,BKN,,,3500.00,,
FVJN,2024-06-23 15:00,BKN,,,3000.00,,
FVJN,2024-06-24 03:00,FEW,,,800.00,,
FVJN,2024-06-24 06:00,BKN,,,800.00,,
FVJN,2024-06-24 07:00,BKN,,,1500.00,,
FVJN,2024-06-24 08:00,SCT,,,1500.00,,
FVJN,2024-06-24 09:00,BKN,,,2000.00,,
FVJN,2024-06-24 10:00,BKN,,,3500.00,,
FVJN,2024-06-24 11:00,BKN,,,3500.00,,
FVJN,2024-06-24 12:00,BKN,,,3500.00,,
FVJN,2024-06-24 13:00,SCT,,,4500.00,,
FVJN,2024-06-24 14:00,SCT,,,4500.00,,
FVJN,2024-06-24 15:00,SCT,,,4500.00,,
FVJN,2024-06-25 03:00,FEW,,,800.00,,
FVJN,2024-06-25 04:00,FEW,,,800.00,,
FVJN,2024-06-25 05:00,FEW,,,1000.00,,
FVJN,2024-06-25 06:00,FEW,,,1000.00,,
FVJN,2024-06-25 07:00,FEW,,,1000.00,,
FVJN,2024-06-25 09:00,SCT,BKN,,2000.00,2500.00,
FVJN,2024-06-25 10:00,FEW,BKN,,4000.00,4500.00,
FVJN,2024-06-25 12:00,,,,,,
FVJN,2024-06-25 13:00,,,,,,
FVJN,2024-06-26 03:00,SCT,,,4000.00,,
FVJN,2024-06-26 04:00,FEW,SCT,,800.00,4000.00,
FVJN,2024-06-26 05:00,FEW,,,4500.00,,
FVJN,2024-06-26 06:00,,,,,,
FVJN,2024-06-26 08:00,FEW,BKN,,3500.00,9000.00,
FVJN,2024-06-26 09:00,FEW,BKN,,3500.00,9000.00,
FVJN,2024-06-26 10:00,FEW,BKN,,3500.00,9000.00,
FVJN,2024-06-26 11:00,FEW,BKN,,3500.00,8000.00,
FVJN,2024-06-26 12:00,FEW,BKN,,3500.00,8000.00,
FVJN,2024-06-26 14:00,FEW,BKN,,3500.00,7000.00,
FVJN,2024-06-26 15:00,FEW,BKN,,3500.00,7000.00,
FVJN,2024-06-27 03:00,BKN,,,800.00,,
FVJN,2024-06-27 04:00,FEW,,,800.00,,
FVJN,2024-06-27 06:00,FEW,BKN,,1000.00,8000.00,
FVJN,2024-06-27 07:00,BKN,BKN,,1000.00,8000.00,
FVJN,2024-06-27 08:00,BKN,BKN,,1500.00,8000.00,
FVJN,2024-06-27 09:00,BKN,BKN,,2000.00,8000.00,
FVJN,2024-06-27 15:00,OVC,,,2500.00,,
FVJN,2024-06-28 04:00,SCT,BKN,,500.00,4000.00,
FVJN,2024-06-28 05:00,SCT,BKN,,500.00,4000.00,
FVJN,2024-06-28 07:00,SCT,BKN,,800.00,6000.00,
FVJN,2024-06-28 08:00,SCT,BKN,,1000.00,8000.00,
FVJN,2024-06-28 09:00,SCT,BKN,,1800.00,8000.00,
FVJN,2024-06-28 10:00,BKN,BKN,,2000.00,8000.00,
FVJN,2024-06-28 11:00,BKN,BKN,,2500.00,9000.00,
FVJN,2024-06-28 12:00,BKN,,,2500.00,,
FVJN,2024-06-28 13:00,BKN,,,2500.00,,
FVJN,2024-06-28 14:00,SCT,BKN,,2500.00,9000.00,
FVJN,2024-06-28 15:00,FEW,BKN,,2500.00,9000.00,
FVJN,2024-06-29 04:00,,,,,,
FVJN,2024-06-29 06:00,FEW,,,1000.00,,
FVJN,2024-06-29 08:00,FEW,SCT,,2000.00,10000.00,
FVJN,2024-06-29 09:00,FEW,,,3000.00,,
FVJN,2024-06-29 11:00,,,,,,
FVJN,2024-06-29 12:00,,,,,,
FVJN,2024-06-29 13:00,,,,,,
FVJN,2024-06-29 14:00,,,,,,
FVJN,2024-06-29 15:00,,,,,,
FVJN,2024-06-30 03:00,,,,,,
FVJN,2024-06-30 04:00,,,,,,
FVJN,2024-06-30 05:00,,,,,,
FVJN,2024-06-30 06:00,,,,,,
FVJN,2024-06-30 07:00,,,,,,
FVJN,2024-06-30 09:00,,,,,,
FVJN,2024-06-30 11:00,,,,,,
FVJN,2024-06-30 12:00,,,,,,
FVJN,2024-06-30 14:00,,,,,,
FVJN,2024-06-30 15:00,,,,,,
FVJN,2024-06-30 16:00,,,,,,
FVJN,2024-07-01 03:00,,,,,,
FVJN,2024-07-01 04:00,,,,,,
FVJN,2024-07-01 05:00,,,,,,
FVJN,2024-07-01 10:00,,,,,,
FVJN,2024-07-01 12:00,,,,,,
FVJN,2024-07-01 13:00,,,,,,
FVJN,2024-07-01 14:00,,,,,,
FVJN,2024-07-01 17:00,,,,,,
FVJN,2024-07-02 04:00,,,,,,
FVJN,2024-07-02 05:00,,,,,,
FVJN,2024-07-02 09:00,,,,,,
FVJN,2024-07-02 10:00,,,,,,
FVJN,2024-07-02 11:00,,,,,,
FVJN,2024-07-02 12:00,,,,,,
FVJN,2024-07-02 13:00,,,,,,
FVJN,2024-07-02 14:00,,,,,,
FVJN,2024-07-02 15:00,,,,,,
FVJN,2024-07-02 16:00,,,,,,
FVJN,2024-07-03 04:00,,,,,,
FVJN,2024-07-03 05:00,,,,,,
FVJN,2024-07-03 06:00,,,,,,
FVJN,2024-07-03 07:00,,,,,,
FVJN,2024-07-03 08:00,,,,,,
FVJN,2024-07-03 09:00,,,,,,
FVJN,2024-07-03 10:00,,,,,,
FVJN,2024-07-04 03:00,,,,,,
FVJN,2024-07-04 09:00,,,,,,
FVJN,2024-07-04 10:00,,,,,,
FVJN,2024-07-04 15:00,,,,,,
FVJN,2024-07-04 16:00,,,,,,
FVJN,2024-07-05 04:00,,,,,,
FVJN,2024-07-05 05:00,,,,,,
FVJN,2024-07-05 06:00,,,,,,
FVJN,2024-07-05 07:00,,,,,,
FVJN,2024-07-05 08:00,,,,,,
FVJN,2024-07-05 09:00,,,,,,
FVJN,2024-07-05 10:00,,,,,,
FVJN,2024-07-05 14:00,,,,,,
FVJN,2024-07-05 15:00,,,,,,
FVJN,2024-07-05 16:00,,,,,,
FVJN,2024-07-06 03:00,,,,,,
FVJN,2024-07-06 05:00,,,,,,
FVJN,2024-07-06 06:00,,,,,,
FVJN,2024-07-06 07:00,,,,,,
FVJN,2024-07-06 09:00,,,,,,
FVJN,2024-07-06 10:00,,,,,,
FVJN,2024-07-06 11:00,,,,,,
FVJN,2024-07-06 12:00,,,,,,
FVJN,2024-07-06 13:00,,,,,,
FVJN,2024-07-06 14:00,,,,,,
FVJN,2024-07-06 15:00,,,,,,
FVJN,2024-07-06 16:00,,,,,,
FVJN,2024-07-07 03:00,,,,,,
FVJN,2024-07-07 05:00,,,,,,
FVJN,2024-07-07 06:00,,,,,,
FVJN,2024-07-07 07:00,,,,,,
FVJN,2024-07-07 08:00,,,,,,
FVJN,2024-07-07 09:00,,,,,,
FVJN,2024-07-07 11:00,,,,,,
FVJN,2024-07-07 12:00,,,,,,
FVJN,2024-07-07 13:00,,,,,,
FVJN,2024-07-08 04:00,,,,,,
FVJN,2024-07-08 06:00,,,,,,
FVJN,2024-07-08 07:00,,,,,,
FVJN,2024-07-08 12:00,,,,,,
FVJN,2024-07-09 06:00,,,,,,
FVJN,2024-07-09 09:00,,,,,,
FVJN,2024-07-09 10:00,,,,,,
FVJN,2024-07-09 11:00,,,,,,
FVJN,2024-07-09 12:00,,,,,,
FVJN,2024-07-09 13:00,,,,,,
FVJN,2024-07-09 14:00,,,,,,
FVJN,2024-07-10 06:00,,,,,,
FVJN,2024-07-10 12:00,,,,,,
FVJN,2024-07-10 15:00,,,,,,
FVJN,2024-07-11 06:00,,,,,,
FVJN,2024-07-11 08:00,,,,,,
FVJN,2024-07-11 09:00,,,,,,
FVJN,2024-07-11 10:00,,,,,,
FVJN,2024-07-11 11:00,,,,,,
FVJN,2024-07-11 12:00,,,,,,
FVJN,2024-07-11 13:00,,,,,,
FVJN,2024-07-11 14:00,,,,,,
FVJN,2024-07-11 15:00,,,,,,
FVJN,2024-07-11 16:00,,,,,,
FVJN,2024-07-12 04:00,,,,,,
FVJN,2024-07-12 06:00,,,,,,
FVJN,2024-07-12 07:00,,,,,,
FVJN,2024-07-12 08:00,,,,,,
FVJN,2024-07-12 09:00,,,,,,
FVJN,2024-07-12 10:00,,,,,,
FVJN,2024-07-12 11:00,,,,,,
FVJN,2024-07-12 12:00,,,,,,
FVJN,2024-07-12 13:00,,,,,,
FVJN,2024-07-12 14:00,,,,,,
FVJN,2024-07-12 15:00,,,,,,
FVJN,2024-07-13 03:00,,,,,,
FVJN,2024-07-13 04:00,,,,,,
FVJN,2024-07-13 05:00,,,,,,
FVJN,2024-07-13 06:00,,,,,,
FVJN,2024-07-13 07:00,,,,,,
FVJN,2024-07-13 10:00,,,,,,
FVJN,2024-07-13 11:00,,,,,,
FVJN,2024-07-14 06:00,,,,,,
FVJN,2024-07-14 09:00,,,,,,
FVJN,2024-07-14 10:00,,,,,,
FVJN,2024-07-14 11:00,,,,,,
FVJN,2024-07-14 12:00,,,,,,
FVJN,2024-07-14 13:00,,,,,,
FVJN,2024-07-14 14:00,,,,,,
FVJN,2024-07-14 15:00,,,,,,
FVJN,2024-07-14 16:00,,,,,,
FVJN,2024-07-15 03:00,,,,,,
FVJN,2024-07-15 04:00,,,,,,
FVJN,2024-07-15 05:00,,,,,,
FVJN,2024-07-15 06:00,,,,,,
FVJN,2024-07-15 07:00,,,,,,
FVJN,2024-07-15 08:00,,,,,,
FVJN,2024-07-15 09:00,,,,,,
FVJN,2024-07-15 10:00,,,,,,
FVJN,2024-07-15 11:00,,,,,,
FVJN,2024-07-15 12:00,,,,,,
FVJN,2024-07-15 14:00,,,,,,
FVJN,2024-07-15 15:00,,,,,,
FVJN,2024-07-15 16:00,,,,,,
FVJN,2024-07-16 03:00,,,,,,
FVJN,2024-07-16 04:00,,,,,,
FVJN,2024-07-16 06:00,,,,,,
FVJN,2024-07-16 09:00,,,,,,
FVJN,2024-07-16 10:00,,,,,,
FVJN,2024-07-16 12:00,,,,,,
FVJN,2024-07-16 14:00,,,,,,
FVJN,2024-07-16 15:00,,,,,,
FVJN,2024-07-16 16:00,,,,,,
FVJN,2024-07-17 04:00,,,,,,
FVJN,2024-07-17 05:00,,,,,,
FVJN,2024-07-17 06:00,,,,,,
FVJN,2024-07-17 07:00,,,,,,
FVJN,2024-07-17 08:00,,,,,,
FVJN,2024-07-17 09:00,,,,,,
FVJN,2024-07-17 10:00,,,,,,
FVJN,2024-07-17 11:00,,,,,,
FVJN,2024-07-17 13:00,,,,,,
FVJN,2024-07-17 16:00,,,,,,
FVJN,2024-07-18 04:00,,,,,,
FVJN,2024-07-18 06:00,,,,,,
FVJN,2024-07-18 07:00,,,,,,
FVJN,2024-07-18 08:00,,,,,,
FVJN,2024-07-18 09:00,,,,,,
FVJN,2024-07-18 10:00,,,,,,
FVJN,2024-07-19 14:00,,,,,,
FVJN,2024-07-19 15:00,,,,,,
FVJN,2024-07-19 16:00,,,,,,
FVJN,2024-07-20 03:00,,,,,,
FVJN,2024-07-20 04:00,,,,,,
FVJN,2024-07-20 05:00,,,,,,
FVJN,2024-07-20 06:00,,,,,,
FVJN,2024-07-20 07:00,,,,,,
FVJN,2024-07-20 09:00,,,,,,
FVJN,2024-07-20 10:00,,,,,,
FVJN,2024-07-20 11:00,,,,,,
FVJN,2024-07-20 12:00,,,,,,
FVJN,2024-07-20 13:00,,,,,,
FVJN,2024-07-20 14:00,,,,,,
FVJN,2024-07-20 15:00,,,,,,
FVJN,2024-07-20 16:00,,,,,,
FVJN,2024-07-21 03:00,,,,,,
FVJN,2024-07-21 04:00,,,,,,
FVJN,2024-07-21 05:00,,,,,,
FVJN,2024-07-22 05:00,,,,,,
FVJN,2024-07-22 06:00,,,,,,
FVJN,2024-07-23 04:00,,,,,,
FVJN,2024-07-23 05:00,,,,,,
FVJN,2024-07-23 06:00,,,,,,
FVJN,2024-07-23 07:00,,,,,,
FVJN,2024-07-23 08:00,,,,,,
FVJN,2024-07-23 10:00,,,,,,
FVJN,2024-07-23 11:00,,,,,,
FVJN,2024-07-23 12:00,,,,,,
FVJN,2024-07-23 13:00,,,,,,
FVJN,2024-07-23 14:00,,,,,,
FVJN,2024-07-23 15:00,,,,,,
FVJN,2024-07-24 03:00,,,,,,
FVJN,2024-07-24 04:00,,,,,,
FVJN,2024-07-24 07:00,,,,,,
FVJN,2024-07-24 08:00,,,,,,
FVJN,2024-07-24 09:00,,,,,,
FVJN,2024-07-24 10:00,,,,,,
FVJN,2024-07-24 11:00,,,,,,
FVJN,2024-07-24 13:00,,,,,,
FVJN,2024-07-24 14:00,,,,,,
FVJN,2024-07-24 15:00,,,,,,
FVJN,2024-07-24 16:00,,,,,,
FVJN,2024-07-24 17:00,,,,,,
FVJN,2024-07-24 18:00,,,,,,
FVJN,2024-07-25 03:00,,,,,,
FVJN,2024-07-25 04:00,,,,,,
FVJN,2024-07-25 05:00,,,,,,
FVJN,2024-07-25 06:00,,,,,,
FVJN,2024-07-25 07:00,,,,,,
FVJN,2024-07-25 08:00,,,,,,
FVJN,2024-07-25 09:00,,,,,,
FVJN,2024-07-25 10:00,,,,,,
FVJN,2024-07-26 03:00,,,,,,
FVJN,2024-07-26 05:00,,,,,,
FVJN,2024-07-26 06:00,,,,,,
FVJN,2024-07-26 07:00,,,,,,
FVJN,2024-07-26 12:00,,,,,,
FVJN,2024-07-26 16:00,,,,,,
FVJN,2024-07-27 07:00,,,,,,
FVJN,2024-07-27 13:00,,,,,,
FVJN,2024-07-27 14:00,,,,,,
FVJN,2024-07-28 06:00,,,,,,
FVJN,2024-07-28 07:00,,,,,,
FVJN,2024-07-28 08:00,,,,,,
FVJN,2024-07-28 09:00,,,,,,
FVJN,2024-07-28 12:00,,,,,,
FVJN,2024-07-28 13:00,,,,,,
FVJN,2024-07-28 14:00,,,,,,
FVJN,2024-07-28 15:00,,,,,,
FVJN,2024-07-29 04:00,,,,,,
FVJN,2024-07-29 05:00,,,,,,
FVJN,2024-07-29 06:00,,,,,,
FVJN,2024-07-29 07:00,,,,,,
FVJN,2024-07-29 08:00,,,,,,
FVJN,2024-07-29 09:00,,,,,,
FVJN,2024-07-29 10:00,,,,,,
FVJN,2024-07-29 11:00,,,,,,
FVJN,2024-07-29 12:00,,,,,,
FVJN,2024-07-29 14:00,,,,,,
FVJN,2024-07-29 15:00,,,,,,
FVJN,2024-07-29 16:00,,,,,,
FVJN,2024-07-30 03:00,,,,,,
FVJN,2024-07-30 04:00,,,,,,
FVJN,2024-07-30 05:00,,,,,,
FVJN,2024-07-30 06:00,,,,,,
FVJN,2024-07-30 07:00,,,,,,
FVJN,2024-07-30 08:00,,,,,,
FVJN,2024-07-30 09:00,,,,,,
FVJN,2024-07-30 10:00,,,,,,
FVJN,2024-07-30 11:00,,,,,,
FVJN,2024-07-30 12:00,,,,,,
FVJN,2024-07-30 13:00,,,,,,
FVJN,2024-07-30 14:00,,,,,,
FVJN,2024-07-31 03:00,,,,,,
FVJN,2024-07-31 04:00,,,,,,
FVJN,2024-07-31 05:00,,,,,,
FVJN,2024-07-31 06:00,,,,,,
FVJN,2024-07-31 07:00,,,,,,
FVJN,2024-07-31 08:00,,,,,,
FVJN,2024-07-31 09:00,,,,,,
FVJN,2024-07-31 10:00,,,,,,
FVJN,2024-07-31 11:00,,,,,,
FVJN,2024-07-31 12:00,,,,,,
FVJN,2024-08-01 04:00,,,,,,
FVJN,2024-08-01 05:00,NSC,,,,,
FVJN,2024-08-01 06:00,,,,,,
FVJN,2024-08-01 07:00,,,,,,
FVJN,2024-08-01 08:00,,,,,,
FVJN,2024-08-01 12:00,,,,,,
FVJN,2024-08-01 14:00,,,,,,
FVJN,2024-08-01 15:00,,,,,,
FVJN,2024-08-01 16:00,,,,,,
FVJN,2024-08-02 04:00,,,,,,
FVJN,2024-08-02 05:00,,,,,,
FVJN,2024-08-02 06:00,,,,,,
FVJN,2024-08-02 07:00,,,,,,
FVJN,2024-08-03 06:00,,,,,,
FVJN,2024-08-03 08:00,,,,,,
FVJN,2024-08-03 09:00,,,,,,
FVJN,2024-08-03 10:00,,,,,,
FVJN,2024-08-03 11:00,,,,,,
FVJN,2024-08-03 12:00,,,,,,
FVJN,2024-08-03 13:00,,,,,,
FVJN,2024-08-03 14:00,,,,,,
FVJN,2024-08-03 15:00,,,,,,
FVJN,2024-08-03 16:00,,,,,,
FVJN,2024-08-04 03:00,,,,,,
FVJN,2024-08-04 04:00,,,,,,
FVJN,2024-08-04 05:00,,,,,,
FVJN,2024-08-04 06:00,,,,,,
FVJN,2024-08-04 07:00,,,,,,
FVJN,2024-08-04 08:00,,,,,,
FVJN,2024-08-04 09:00,,,,,,
FVJN,2024-08-04 10:00,,,,,,
FVJN,2024-08-04 12:00,,,,,,
FVJN,2024-08-04 13:00,,,,,,
FVJN,2024-08-04 14:00,,,,,,
FVJN,2024-08-05 03:00,,,,,,
FVJN,2024-08-05 04:00,,,,,,
FVJN,2024-08-05 05:00,,,,,,
FVJN,2024-08-05 06:00,,,,,,
FVJN,2024-08-05 07:00,,,,,,
FVJN,2024-08-05 08:00,,,,,,
FVJN,2024-08-05 09:00,,,,,,
FVJN,2024-08-05 10:00,,,,,,
FVJN,2024-08-05 11:00,,,,,,
FVJN,2024-08-05 12:00,,,,,,
FVJN,2024-08-05 13:00,,,,,,
FVJN,2024-08-05 14:00,,,,,,
FVJN,2024-08-05 15:00,,,,,,
FVJN,2024-08-05 17:00,,,,,,
FVJN,2024-08-06 03:00,,,,,,
FVJN,2024-08-06 04:00,,,,,,
FVJN,2024-08-06 05:00,,,,,,
FVJN,2024-08-06 06:00,,,,,,
FVJN,2024-08-06 07:00,,,,,,
FVJN,2024-08-06 09:00,,,,,,
FVJN,2024-08-07 05:00,,,,,,
FVJN,2024-08-07 08:00,,,,,,
FVJN,2024-08-07 09:00,,,,,,
FVJN,2024-08-07 10:00,,,,,,
FVJN,2024-08-07 11:00,,,,,,
FVJN,2024-08-07 12:00,,,,,,
FVJN,2024-08-07 13:00,,,,,,
FVJN,2024-08-07 14:00,,,,,,
FVJN,2024-08-07 15:00,,,,,,
FVJN,2024-08-08 04:00,,,,,,
FVJN,2024-08-08 05:00,,,,,,
FVJN,2024-08-08 06:00,,,,,,
FVJN,2024-08-08 07:00,,,,,,
FVJN,2024-08-08 08:00,,,,,,
FVJN,2024-08-08 09:00,,,,,,
FVJN,2024-08-08 10:00,,,,,,
FVJN,2024-08-08 11:00,,,,,,
FVJN,2024-08-08 12:00,,,,,,
FVJN,2024-08-08 13:00,,,,,,
FVJN,2024-08-08 14:00,,,,,,
FVJN,2024-08-08 15:00,,,,,,
FVJN,2024-08-08 16:00,,,,,,
FVJN,2024-08-09 04:00,,,,,,
FVJN,2024-08-09 05:00,,,,,,
FVJN,2024-08-09 06:00,,,,,,
FVJN,2024-08-09 07:00,,,,,,
FVJN,2024-08-09 08:00,,,,,,
FVJN,2024-08-09 09:00,,,,,,
FVJN,2024-08-09 11:00,,,,,,
FVJN,2024-08-09 12:00,,,,,,
FVJN,2024-08-09 13:00,,,,,,
FVJN,2024-08-09 14:00,,,,,,
FVJN,2024-08-09 16:00,,,,,,
FVJN,2024-08-10 03:00,,,,,,
FVJN,2024-08-10 04:00,,,,,,
FVJN,2024-08-10 05:00,,,,,,
FVJN,2024-08-10 06:00,,,,,,
FVJN,2024-08-10 07:00,,,,,,
FVJN,2024-08-10 08:00,,,,,,
FVJN,2024-08-10 09:00,,,,,,
FVJN,2024-08-10 10:00,,,,,,
FVJN,2024-08-10 11:00,,,,,,
FVJN,2024-08-10 12:00,,,,,,
FVJN,2024-08-10 14:00,,,,,,
FVJN,2024-08-10 15:00,,,,,,
FVJN,2024-08-10 16:00,,,,,,
FVJN,2024-08-11 03:00,,,,,,
FVJN,2024-08-11 04:00,,,,,,
FVJN,2024-08-11 06:00,,,,,,
FVJN,2024-08-11 07:00,,,,,,
FVJN,2024-08-12 07:00,,,,,,
FVJN,2024-08-12 08:00,,,,,,
FVJN,2024-08-12 10:00,,,,,,
FVJN,2024-08-12 11:00,,,,,,
FVJN,2024-08-12 12:00,,,,,,
FVJN,2024-08-12 13:00,,,,,,
FVJN,2024-08-12 14:00,,,,,,
FVJN,2024-08-12 15:00,,,,,,
FVJN,2024-08-12 16:00,,,,,,
FVJN,2024-08-13 03:00,,,,,,
FVJN,2024-08-13 05:00,,,,,,
FVJN,2024-08-13 06:00,,,,,,
FVJN,2024-08-13 07:00,,,,,,
FVJN,2024-08-13 08:00,,,,,,
FVJN,2024-08-14 14:00,,,,,,
FVJN,2024-08-14 15:00,,,,,,
FVJN,2024-08-14 16:00,,,,,,
FVJN,2024-08-15 05:00,,,,,,
FVJN,2024-08-15 06:00,,,,,,
FVJN,2024-08-15 07:00,,,,,,
FVJN,2024-08-15 08:00,,,,,,
FVJN,2024-08-15 09:00,,,,,,
FVJN,2024-08-15 10:00,,,,,,
FVJN,2024-08-15 12:00,,,,,,
FVJN,2024-08-15 13:00,,,,,,
FVJN,2024-08-15 14:00,,,,,,
FVJN,2024-08-15 15:00,,,,,,
FVJN,2024-08-15 16:00,,,,,,
FVJN,2024-08-16 04:00,,,,,,
FVJN,2024-08-16 05:00,,,,,,
FVJN,2024-08-16 06:00,,,,,,
FVJN,2024-08-16 07:00,,,,,,
FVJN,2024-08-16 08:00,,,,,,
FVJN,2024-08-16 09:00,,,,,,
FVJN,2024-08-16 10:00,,,,,,
FVJN,2024-08-16 11:00,,,,,,
FVJN,2024-08-16 12:00,,,,,,
FVJN,2024-08-16 13:00,,,,,,
FVJN,2024-08-16 15:00,,,,,,
FVJN,2024-08-16 16:00,,,,,,
FVJN,2024-08-17 03:00,,,,,,
FVJN,2024-08-17 04:00,,,,,,
FVJN,2024-08-17 05:00,,,,,,
FVJN,2024-08-17 06:00,,,,,,
FVJN,2024-08-17 07:00,,,,,,
FVJN,2024-08-17 08:00,,,,,,
FVJN,2024-08-17 09:00,,,,,,
FVJN,2024-08-17 10:00,,,,,,
FVJN,2024-08-17 11:00,,,,,,
FVJN,2024-08-17 12:00,,,,,,
FVJN,2024-08-17 14:00,,,,,,
FVJN,2024-08-17 15:00,,,,,,
FVJN,2024-08-18 03:00,,,,,,
FVJN,2024-08-18 04:00,,,,,,
FVJN,2024-08-18 05:00,,,,,,
FVJN,2024-08-18 06:00,,,,,,
FVJN,2024-08-18 07:00,,,,,,
FVJN,2024-08-18 08:00,,,,,,
FVJN,2024-08-18 09:00,,,,,,
FVJN,2024-08-18 10:00,,,,,,
FVJN,2024-08-18 12:00,,,,,,
FVJN,2024-08-18 13:00,,,,,,
FVJN,2024-08-18 14:00,,,,,,
FVJN,2024-08-18 15:00,,,,,,
FVJN,2024-08-18 16:00,,,,,,
FVJN,2024-08-19 03:00,,,,,,
FVJN,2024-08-19 04:00,,,,,,
FVJN,2024-08-19 05:00,,,,,,
FVJN,2024-08-19 06:00,,,,,,
FVJN,2024-08-19 07:00,,,,,,
FVJN,2024-08-19 08:00,,,,,,
FVJN,2024-08-19 09:00,,,,,,
FVJN,2024-08-19 10:00,,,,,,
FVJN,2024-08-19 11:00,,,,,,
FVJN,2024-08-19 12:00,,,,,,
FVJN,2024-08-19 13:00,,,,,,
FVJN,2024-08-19 14:00,,,,,,
FVJN,2024-08-19 15:00,,,,,,
FVJN,2024-08-20 03:00,,,,,,
FVJN,2024-08-20 04:00,,,,,,
FVJN,2024-08-20 05:00,,,,,,
FVJN,2024-08-20 06:00,,,,,,
FVJN,2024-08-20 07:00,,,,,,
FVJN,2024-08-20 08:00,,,,,,
FVJN,2024-08-20 09:00,,,,,,
FVJN,2024-08-20 10:00,,,,,,
FVJN,2024-08-20 11:00,,,,,,
FVJN,2024-08-20 12:00,,,,,,
FVJN,2024-08-20 13:00,,,,,,
FVJN,2024-08-20 14:00,,,,,,
FVJN,2024-08-20 15:00,,,,,,
FVJN,2024-08-20 16:00,,,,,,
FVJN,2024-08-20 17:00,,,,,,
FVJN,2024-08-21 03:00,,,,,,
FVJN,2024-08-21 04:00,,,,,,
FVJN,2024-08-21 05:00,,,,,,
FVJN,2024-08-21 06:00,,,,,,
FVJN,2024-08-21 08:00,,,,,,
FVJN,2024-08-21 09:00,,,,,,
FVJN,2024-08-21 10:00,,,,,,
FVJN,2024-08-21 12:00,,,,,,
FVJN,2024-08-21 13:00,,,,,,
FVJN,2024-08-21 14:00,,,,,,
FVJN,2024-08-21 15:00,,,,,,
FVJN,2024-08-21 16:00,,,,,,
FVJN,2024-08-21 17:00,,,,,,
FVJN,2024-08-21 18:00,,,,,,
FVJN,2024-08-21 19:00,,,,,,
FVJN,2024-08-22 03:00,,,,,,
FVJN,2024-08-22 04:00,,,,,,
FVJN,2024-08-22 05:00,,,,,,
FVJN,2024-08-22 06:00,,,,,,
FVJN,2024-08-22 07:00,,,,,,
FVJN,2024-08-22 08:00,,,,,,
FVJN,2024-08-22 09:00,,,,,,
FVJN,2024-08-22 10:00,,,,,,
FVJN,2024-08-22 11:00,,,,,,
FVJN,2024-08-22 13:00,,,,,,
FVJN,2024-08-23 09:00,FEW,,,2000.00,,
FVJN,2024-08-23 10:00,FEW,,,2500.00,,
FVJN,2024-08-23 11:00,FEW,,,3000.00,,
FVJN,2024-08-23 12:00,FEW,,,3000.00,,
FVJN,2024-08-23 13:00,,,,,,
FVJN,2024-08-23 14:00,,,,,,
FVJN,2024-08-23 15:00,,,,,,
FVJN,2024-08-23 17:00,,,,,,
FVJN,2024-08-24 03:00,,,,,,
FVJN,2024-08-24 04:00,,,,,,
FVJN,2024-08-24 05:00,,,,,,
FVJN,2024-08-24 06:00,,,,,,
FVJN,2024-08-25 03:00,,,,,,
FVJN,2024-08-25 04:00,,,,,,
FVJN,2024-08-25 05:00,,,,,,
FVJN,2024-08-25 06:00,,,,,,
FVJN,2024-08-25 07:00,,,,,,
FVJN,2024-08-25 08:00,,,,,,
FVJN,2024-08-25 09:00,,,,,,
FVJN,2024-08-25 10:00,,,,,,
FVJN,2024-08-25 11:00,,,,,,
FVJN,2024-08-25 12:00,,,,,,
FVJN,2024-08-25 13:00,,,,,,
FVJN,2024-08-26 06:00,,,,,,
FVJN,2024-08-27 07:00,,,,,,
FVJN,2024-08-27 08:00,,,,,,
FVJN,2024-08-27 09:00,,,,,,
FVJN,2024-08-27 10:00,,,,,,
FVJN,2024-08-27 12:00,,,,,,
FVJN,2024-08-27 13:00,,,,,,
FVJN,2024-08-27 14:00,,,,,,
FVJN,2024-08-27 15:00,,,,,,
FVJN,2024-08-27 16:00,,,,,,
FVJN,2024-08-28 03:00,,,,,,
FVJN,2024-08-28 04:00,,,,,,
FVJN,2024-08-28 05:00,,,,,,
FVJN,2024-08-28 06:00,,,,,,
FVJN,2024-08-28 07:00,,,,,,
FVJN,2024-08-28 08:00,,,,,,
FVJN,2024-08-28 09:00,,,,,,
FVJN,2024-08-28 10:00,,,,,,
FVJN,2024-08-28 11:00,,,,,,
FVJN,2024-08-28 12:00,,,,,,
FVJN,2024-08-28 15:00,,,,,,
FVJN,2024-08-28 16:00,,,,,,
FVJN,2024-08-28 17:00,,,,,,
FVJN,2024-08-29 03:00,,,,,,
FVJN,2024-08-29 04:00,,,,,,
FVJN,2024-08-29 05:00,,,,,,
FVJN,2024-08-29 06:00,,,,,,
FVJN,2024-08-29 07:00,,,,,,
FVJN,2024-08-29 09:00,,,,,,
FVJN,2024-08-29 11:00,,,,,,
FVJN,2024-08-29 12:00,,,,,,
FVJN,2024-08-29 15:00,,,,,,
FVJN,2024-08-29 16:00,,,,,,
FVJN,2024-08-29 17:00,,,,,,
FVJN,2024-08-29 18:00,,,,,,
FVJN,2024-08-30 04:00,BKN,,,800.00,,
FVJN,2024-08-30 05:00,BKN,,,800.00,,
FVJN,2024-08-30 09:00,FEW,,,1500.00,,
FVJN,2024-08-30 10:00,,,,,,
FVJN,2024-08-30 11:00,,,,,,
FVJN,2024-08-30 12:00,,,,,,
FVJN,2024-08-30 13:00,,,,,,
FVJN,2024-08-30 14:00,,,,,,
FVJN,2024-08-30 15:00,,,,,,
FVJN,2024-08-30 16:00,SCT,,,2000.00,,
FVJN,2024-08-30 17:00,SCT,,,2000.00,,
FVJN,2024-08-31 04:00,OVC,,,500.00,,
FVJN,2024-08-31 05:00,OVC,,,500.00,,
FVJN,2024-08-31 06:00,BKN,,,800.00,,
FVJN,2024-08-31 07:00,BKN,,,1500.00,,
FVJN,2024-08-31 08:00,BKN,,,2000.00,,
FVJN,2024-08-31 09:00,BKN,,,3000.00,,
FVJN,2024-08-31 10:00,SCT,,,4000.00,,
FVJN,2024-08-31 11:00,,,,,,
FVJN,2024-08-31 12:00,,,,,,
FVJN,2024-08-31 13:00,,,,,,
FVJN,2024-08-31 14:00,,,,,,
FVJN,2024-08-31 15:00,SCT,,,2500.00,,
FVJN,2024-08-31 16:00,BKN,,,2000.00,,
FVJN,2024-09-01 04:00,FEW,,,500.00,,
FVJN,2024-09-01 05:00,FEW,,,700.00,,
FVJN,2024-09-01 06:00,FEW,,,1000.00,,
FVJN,2024-09-01 07:00,FEW,,,1500.00,,
FVJN,2024-09-01 08:00,FEW,,,2500.00,,
FVJN,2024-09-01 09:00,FEW,,,4000.00,,
FVJN,2024-09-01 11:00,,,,,,
FVJN,2024-09-01 13:00,,,,,,
FVJN,2024-09-01 14:00,,,,,,
FVJN,2024-09-01 15:00,,,,,,
FVJN,2024-09-01 16:00,,,,,,
FVJN,2024-09-01 17:00,,,,,,
FVJN,2024-09-02 03:00,,,,,,
FVJN,2024-09-02 04:00,,,,,,
FVJN,2024-09-02 05:00,,,,,,
FVJN,2024-09-02 06:00,,,,,,
FVJN,2024-09-02 09:00,,,,,,
FVJN,2024-09-02 10:00,,,,,,
FVJN,2024-09-02 11:00,,,,,,
FVJN,2024-09-02 12:00,,,,,,
FVJN,2024-09-02 13:00,,,,,,
FVJN,2024-09-02 14:00,,,,,,
FVJN,2024-09-02 15:00,,,,,,
FVJN,2024-09-02 16:00,,,,,,
FVJN,2024-09-03 03:00,,,,,,
FVJN,2024-09-03 04:00,,,,,,
FVJN,2024-09-03 05:00,,,,,,
FVJN,2024-09-03 06:00,,,,,,
FVJN,2024-09-03 07:00,,,,,,
FVJN,2024-09-03 08:00,,,,,,
FVJN,2024-09-03 09:00,,,,,,
FVJN,2024-09-03 10:00,,,,,,
FVJN,2024-09-03 12:00,,,,,,
FVJN,2024-09-03 13:00,,,,,,
FVJN,2024-09-03 15:00,,,,,,
FVJN,2024-09-03 16:00,,,,,,
FVJN,2024-09-04 05:00,,,,,,
FVJN,2024-09-04 06:00,,,,,,
FVJN,2024-09-04 07:00,,,,,,
FVJN,2024-09-04 08:00,,,,,,
FVJN,2024-09-04 09:00,,,,,,
FVJN,2024-09-04 10:00,,,,,,
FVJN,2024-09-04 11:00,,,,,,
FVJN,2024-09-04 12:00,,,,,,
FVJN,2024-09-04 13:00,,,,,,
FVJN,2024-09-04 14:00,,,,,,
FVJN,2024-09-04 15:00,,,,,,
FVJN,2024-09-04 16:00,,,,,,
FVJN,2024-09-05 04:00,,,,,,
FVJN,2024-09-05 05:00,,,,,,
FVJN,2024-09-05 06:00,,,,,,
FVJN,2024-09-05 07:00,,,,,,
FVJN,2024-09-05 08:00,,,,,,
FVJN,2024-09-05 09:00,,,,,,
FVJN,2024-09-05 10:00,,,,,,
FVJN,2024-09-05 11:00,,,,,,
FVJN,2024-09-05 12:00,,,,,,
FVJN,2024-09-05 13:00,,,,,,
FVJN,2024-09-05 14:00,,,,,,
FVJN,2024-09-05 15:00,,,,,,
FVJN,2024-09-05 16:00,,,,,,
FVJN,2024-09-06 05:00,,,,,,
FVJN,2024-09-06 06:00,,,,,,
FVJN,2024-09-06 07:00,,,,,,
FVJN,2024-09-06 08:00,,,,,,
FVJN,2024-09-06 09:00,,,,,,
FVJN,2024-09-06 10:00,,,,,,
FVJN,2024-09-06 12:00,,,,,,
FVJN,2024-09-06 13:00,,,,,,
FVJN,2024-09-07 07:00,,,,,,
FVJN,2024-09-07 08:00,,,,,,
FVJN,2024-09-07 09:00,,,,,,
FVJN,2024-09-07 11:00,,,,,,
FVJN,2024-09-07 12:00,,,,,,
FVJN,2024-09-07 13:00,,,,,,
FVJN,2024-09-07 14:00,,,,,,
FVJN,2024-09-07 15:00,,,,,,
FVJN,2024-09-07 16:00,,,,,,
FVJN,2024-09-08 03:00,,,,,,
FVJN,2024-09-08 06:00,,,,,,
FVJN,2024-09-08 07:00,,,,,,
FVJN,2024-09-08 08:00,,,,,,
FVJN,2024-09-08 11:00,,,,,,
FVJN,2024-09-09 03:00,,,,,,
FVJN,2024-09-09 04:00,,,,,,
FVJN,2024-09-09 08:00,,,,,,
FVJN,2024-09-09 09:00,,,,,,
FVJN,2024-09-09 10:00,,,,,,
FVJN,2024-09-09 11:00,,,,,,
FVJN,2024-09-09 12:00,,,,,,
FVJN,2024-09-09 14:00,,,,,,
FVJN,2024-09-09 16:00,,,,,,
FVJN,2024-09-10 04:00,FEW,BKN,,800.00,9000.00,
FVJN,2024-09-10 06:00,FEW,BKN,,2000.00,10000.00,
FVJN,2024-09-10 08:00,,,,,,
FVJN,2024-09-10 09:00,,,,,,
FVJN,2024-09-10 10:00,,,,,,
FVJN,2024-09-10 12:00,,,,,,
FVJN,2024-09-10 13:00,,,,,,
FVJN,2024-09-10 14:00,,,,,,
FVJN,2024-09-10 15:00,,,,,,
FVJN,2024-09-10 16:00,,,,,,
FVJN,2024-09-11 05:00,BKN,,,4000.00,,
FVJN,2024-09-11 06:00,,,,,,
FVJN,2024-09-11 07:00,,,,,,
FVJN,2024-09-11 08:00,,,,,,
FVJN,2024-09-11 09:00,,,,,,
FVJN,2024-09-11 10:00,,,,,,
FVJN,2024-09-11 11:00,,,,,,
FVJN,2024-09-11 12:00,,,,,,
FVJN,2024-09-11 13:00,,,,,,
FVJN,2024-09-11 16:00,,,,,,
FVJN,2024-09-12 04:00,,,,,,
FVJN,2024-09-12 05:00,,,,,,
FVJN,2024-09-12 06:00,,,,,,
FVJN,2024-09-12 07:00,,,,,,
FVJN,2024-09-12 08:00,,,,,,
FVJN,2024-09-12 09:00,,,,,,
FVJN,2024-09-12 10:00,,,,,,
FVJN,2024-09-12 12:00,,,,,,
FVJN,2024-09-12 13:00,,,,,,
FVJN,2024-09-12 14:00,,,,,,
FVJN,2024-09-12 15:00,,,,,,
FVJN,2024-09-12 16:00,,,,,,
FVJN,2024-09-13 03:00,,,,,,
FVJN,2024-09-13 04:00,,,,,,
FVJN,2024-09-13 05:00,,,,,,
FVJN,2024-09-13 06:00,,,,,,
FVJN,2024-09-13 07:00,,,,,,
FVJN,2024-09-13 08:00,,,,,,
FVJN,2024-09-13 09:00,,,,,,
FVJN,2024-09-13 10:00,,,,,,
FVJN,2024-09-13 11:00,,,,,,
FVJN,2024-09-13 12:00,,,,,,
FVJN,2024-09-14 06:00,,,,,,
FVJN,2024-09-14 08:00,,,,,,
FVJN,2024-09-14 09:00,,,,,,
FVJN,2024-09-14 10:00,,,,,,
FVJN,2024-09-14 12:00,,,,,,
FVJN,2024-09-14 13:00,,,,,,
FVJN,2024-09-14 14:00,,,,,,
FVJN,2024-09-14 15:00,,,,,,
FVJN,2024-09-14 16:00,,,,,,
FVJN,2024-09-15 03:00,,,,,,
FVJN,2024-09-15 04:00,,,,,,
FVJN,2024-09-15 08:00,,,,,,
FVJN,2024-09-15 09:00,,,,,,
FVJN,2024-09-15 10:00,,,,,,
FVJN,2024-09-15 11:00,,,,,,
FVJN,2024-09-15 12:00,,,,,,
FVJN,2024-09-15 13:00,,,,,,
FVJN,2024-09-15 14:00,,,,,,
FVJN,2024-09-15 15:00,,,,,,
FVJN,2024-09-15 16:00,,,,,,
FVJN,2024-09-16 04:00,,,,,,
FVJN,2024-09-16 05:00,,,,,,
FVJN,2024-09-16 06:00,,,,,,
FVJN,2024-09-16 07:00,,,,,,
FVJN,2024-09-16 08:00,,,,,,
FVJN,2024-09-16 09:00,,,,,,
FVJN,2024-09-16 10:00,,,,,,
FVJN,2024-09-16 12:00,,,,,,
FVJN,2024-09-16 13:00,,,,,,
FVJN,2024-09-16 14:00,,,,,,
FVJN,2024-09-16 15:00,,,,,,
FVJN,2024-09-16 16:00,,,,,,
FVJN,2024-09-17 03:00,,,,,,
FVJN,2024-09-17 05:00,,,,,,
FVJN,2024-09-17 06:00,,,,,,
FVJN,2024-09-17 07:00,,,,,,
FVJN,2024-09-17 08:00,,,,,,
FVJN,2024-09-17 09:00,,,,,,
FVJN,2024-09-17 10:00,,,,,,
FVJN,2024-09-17 11:00,,,,,,
FVJN,2024-09-17 12:00,,,,,,
FVJN,2024-09-17 13:00,,,,,,
FVJN,2024-09-17 14:00,,,,,,
FVJN,2024-09-17 15:00,,,,,,
FVJN,2024-09-17 16:00,,,,,,
FVJN,2024-09-18 03:00,,,,,,
FVJN,2024-09-18 04:00,,,,,,
FVJN,2024-09-18 05:00,,,,,,
FVJN,2024-09-18 06:00,,,,,,
FVJN,2024-09-18 07:00,,,,,,
FVJN,2024-09-18 08:00,,,,,,
FVJN,2024-09-18 10:00,,,,,,
FVJN,2024-09-19 05:00,,,,,,
FVJN,2024-09-19 06:00,,,,,,
FVJN,2024-09-19 07:00,,,,,,
FVJN,2024-09-19 08:00,,,,,,
FVJN,2024-09-19 09:00,,,,,,
FVJN,2024-09-19 10:00,,,,,,
FVJN,2024-09-19 11:00,,,,,,
FVJN,2024-09-19 12:00,,,,,,
FVJN,2024-09-19 13:00,,,,,,
FVJN,2024-09-19 14:00,,,,,,
FVJN,2024-09-19 15:00,,,,,,
FVJN,2024-09-19 16:00,BKN,,,8000.00,,
FVJN,2024-09-20 03:00,,,,,,
FVJN,2024-09-20 04:00,,,,,,
FVJN,2024-09-20 06:00,,,,,,
FVJN,2024-09-20 07:00,BKN,,,9000.00,,
FVJN,2024-09-20 09:00,BKN,,,9000.00,,
FVJN,2024-09-20 10:00,BKN,,,9000.00,,
FVJN,2024-09-20 11:00,BKN,,,9000.00,,
FVJN,2024-09-20 12:00,,,,,,
FVJN,2024-09-20 15:00,,,,,,
FVJN,2024-09-20 16:00,,,,,,
FVJN,2024-09-20 17:00,SCT,,,800.00,,
FVJN,2024-09-20 18:00,SCT,,,800.00,,
FVJN,2024-09-20 19:00,BKN,,,800.00,,
FVJN,2024-09-21 04:00,BKN,,,800.00,,
FVJN,2024-09-21 05:00,BKN,,,800.00,,
FVJN,2024-09-21 06:00,BKN,,,1000.00,,
FVJN,2024-09-21 07:00,FEW,,,1000.00,,
FVJN,2024-09-21 08:00,FEW,,,2500.00,,
FVJN,2024-09-21 09:00,,,,,,
FVJN,2024-09-21 10:00,FEW,,,3000.00,,
FVJN,2024-09-21 11:00,,,,,,
FVJN,2024-09-21 12:00,,,,,,
FVJN,2024-09-21 13:00,,,,,,
FVJN,2024-09-21 14:00,,,,,,
FVJN,2024-09-21 15:00,BKN,,,1000.00,,
FVJN,2024-09-21 16:00,BKN,,,1000.00,,
FVJN,2024-09-22 06:00,OVC,,,900.00,,
FVJN,2024-09-22 07:00,OVC,,,1500.00,,
FVJN,2024-09-22 08:00,OVC,,,1500.00,,
FVJN,2024-09-22 09:00,OVC,,,2000.00,,
FVJN,2024-09-22 10:00,OVC,,,2500.00,,
FVJN,2024-09-22 11:00,BKN,,,3000.00,,
FVJN,2024-09-22 12:00,BKN,,,2500.00,,
FVJN,2024-09-22 14:00,BKN,,,3000.00,,
FVJN,2024-09-22 15:00,BKN,,,2500.00,,
FVJN,2024-09-23 04:00,BKN,,,800.00,,
FVJN,2024-09-23 06:00,BKN,,,800.00,,
FVJN,2024-09-23 09:00,BKN,,,1000.00,,
FVJN,2024-09-23 10:00,FEW,,,2500.00,,
FVJN,2024-09-23 12:00,,,,,,
FVJN,2024-09-23 14:00,,,,,,
FVJN,2024-09-23 15:00,,,,,,
FVJN,2024-09-23 16:00,,,,,,
FVJN,2024-09-24 03:00,,,,,,
FVJN,2024-09-24 04:00,,,,,,
FVJN,2024-09-24 05:00,,,,,,
FVJN,2024-09-24 06:00,,,,,,
FVJN,2024-09-24 07:00,,,,,,
FVJN,2024-09-24 08:00,,,,,,
FVJN,2024-09-24 09:00,,,,,,
FVJN,2024-09-24 10:00,,,,,,
FVJN,2024-09-24 11:00,,,,,,
FVJN,2024-09-24 12:00,,,,,,
FVJN,2024-09-24 13:00,,,,,,
FVJN,2024-09-24 14:00,,,,,,
FVJN,2024-09-24 15:00,,,,,,
FVJN,2024-09-24 16:00,,,,,,
FVJN,2024-09-24 17:00,,,,,,
FVJN,2024-09-25 03:00,,,,,,
FVJN,2024-09-25 04:00,,,,,,
FVJN,2024-09-25 05:00,,,,,,
FVJN,2024-09-25 06:00,,,,,,
FVJN,2024-09-25 07:00,,,,,,
FVJN,2024-09-25 08:00,,,,,,
FVJN,2024-09-25 09:00,,,,,,
FVJN,2024-09-25 10:00,,,,,,
FVJN,2024-09-25 11:00,,,,,,
FVJN,2024-09-25 12:00,,,,,,
FVJN,2024-09-25 14:00,,,,,,
FVJN,2024-09-25 15:00,,,,,,
FVJN,2024-09-25 16:00,,,,,,
FVJN,2024-09-26 04:00,,,,,,
FVJN,2024-09-26 05:00,,,,,,
FVJN,2024-09-26 06:00,,,,,,
FVJN,2024-09-26 07:00,,,,,,
FVJN,2024-09-26 09:00,,,,,,
FVJN,2024-09-26 10:00,,,,,,
FVJN,2024-09-26 11:00,,,,,,
FVJN,2024-09-26 12:00,,,,,,
FVJN,2024-09-26 14:00,,,,,,
FVJN,2024-09-26 15:00,,,,,,
FVJN,2024-09-26 16:00,,,,,,
FVJN,2024-09-27 04:00,,,,,,
FVJN,2024-09-27 06:00,,,,,,
FVJN,2024-09-27 07:00,,,,,,
FVJN,2024-09-27 08:00,,,,,,
FVJN,2024-09-27 09:00,,,,,,
FVJN,2024-09-27 10:00,,,,,,
FVJN,2024-09-27 11:00,,,,,,
FVJN,2024-09-27 12:00,,,,,,
FVJN,2024-09-27 13:00,,,,,,
FVJN,2024-09-27 14:00,,,,,,
FVJN,2024-09-27 15:00,,,,,,
FVJN,2024-09-28 03:00,,,,,,
FVJN,2024-09-28 06:00,,,,,,
FVJN,2024-09-28 07:00,,,,,,
FVJN,2024-09-28 09:00,,,,,,
FVJN,2024-09-28 10:00,,,,,,
FVJN,2024-09-28 11:00,,,,,,
FVJN,2024-09-28 12:00,,,,,,
FVJN,2024-09-28 13:00,,,,,,
FVJN,2024-09-28 14:00,,,,,,
FVJN,2024-09-28 15:00,,,,,,
FVJN,2024-09-28 16:00,,,,,,
FVJN,2024-09-29 03:00,,,,,,
FVJN,2024-09-29 04:00,,,,,,
FVJN,2024-09-29 05:00,,,,,,
FVJN,2024-09-29 06:00,,,,,,
FVJN,2024-09-29 09:00,,,,,,
FVJN,2024-09-29 10:00,,,,,,
FVJN,2024-09-29 11:00,,,,,,
FVJN,2024-09-29 12:00,,,,,,
FVJN,2024-09-29 13:00,,,,,,
FVJN,2024-09-29 14:00,,,,,,
FVJN,2024-09-29 15:00,,,,,,
FVJN,2024-09-29 16:00,,,,,,
FVJN,2024-09-30 03:00,,,,,,
FVJN,2024-09-30 04:00,,,,,,
FVJN,2024-09-30 05:00,,,,,,
FVJN,2024-09-30 06:00,,,,,,
FVJN,2024-09-30 12:00,,,,,,
FVJN,2024-10-01 10:00,,,,,,
FVJN,2024-10-02 08:00,BKN,,,3000.00,,
FVJN,2024-10-02 09:00,BKN,,,2500.00,,
FVJN,2024-10-02 10:00,BKN,,,4000.00,,
FVJN,2024-10-02 11:00,FEW,,,4500.00,,
FVJN,2024-10-02 12:00,,,,,,
FVJN,2024-10-02 13:00,,,,,,
FVJN,2024-10-02 14:00,,,,,,
FVJN,2024-10-02 15:00,,,,,,
FVJN,2024-10-03 04:00,FEW,,,1500.00,,
FVJN,2024-10-03 06:00,BKN,,,1500.00,,
FVJN,2024-10-03 08:00,OVC,,,1700.00,,
FVJN,2024-10-03 09:00,BKN,,,2000.00,,
FVJN,2024-10-03 11:00,,,,,,
FVJN,2024-10-03 12:00,,,,,,
FVJN,2024-10-04 03:00,,,,,,
FVJN,2024-10-04 04:00,FEW,,,900.00,,
FVJN,2024-10-04 05:00,BKN,,,900.00,,
FVJN,2024-10-04 08:00,FEW,,,2500.00,,
FVJN,2024-10-04 09:00,FEW,,,3000.00,,
FVJN,2024-10-04 11:00,,,,,,
FVJN,2024-10-04 13:00,,,,,,
FVJN,2024-10-04 15:00,,,,,,
FVJN,2024-10-04 16:00,FEW,BKN,,1000.00,6000.00,
FVJN,2024-10-05 03:00,FEW,,,1000.00,,
FVJN,2024-10-05 04:00,FEW,,,1000.00,,
FVJN,2024-10-05 05:00,FEW,,,2000.00,,
FVJN,2024-10-05 06:00,SCT,,,3000.00,,
FVJN,2024-10-05 07:00,BKN,,,3000.00,,
FVJN,2024-10-05 08:00,BKN,,,3000.00,,
FVJN,2024-10-05 09:00,,,,,,
FVJN,2024-10-05 10:00,,,,,,
FVJN,2024-10-05 11:00,,,,,,
FVJN,2024-10-05 12:00,,,,,,
FVJN,2024-10-05 13:00,,,,,,
FVJN,2024-10-05 14:00,,,,,,
FVJN,2024-10-05 15:00,,,,,,
FVJN,2024-10-05 16:00,,,,,,
FVJN,2024-10-06 04:00,,,,,,
FVJN,2024-10-06 06:00,,,,,,
FVJN,2024-10-06 07:00,,,,,,
FVJN,2024-10-06 08:00,,,,,,
FVJN,2024-10-06 09:00,,,,,,
FVJN,2024-10-06 10:00,,,,,,
FVJN,2024-10-06 11:00,,,,,,
FVJN,2024-10-06 12:00,,,,,,
FVJN,2024-10-06 13:00,,,,,,
FVJN,2024-10-06 14:00,,,,,,
FVJN,2024-10-06 15:00,,,,,,
FVJN,2024-10-06 16:00,,,,,,
FVJN,2024-10-07 03:00,,,,,,
FVJN,2024-10-07 04:00,,,,,,
FVJN,2024-10-07 05:00,,,,,,
FVJN,2024-10-07 06:00,,,,,,
FVJN,2024-10-07 07:00,,,,,,
FVJN,2024-10-07 08:00,,,,,,
FVJN,2024-10-07 09:00,,,,,,
FVJN,2024-10-07 10:00,,,,,,
FVJN,2024-10-07 11:00,,,,,,
FVJN,2024-10-07 12:00,,,,,,
FVJN,2024-10-07 13:00,,,,,,
FVJN,2024-10-07 14:00,,,,,,
FVJN,2024-10-07 15:00,,,,,,
FVJN,2024-10-07 16:00,,,,,,
FVJN,2024-10-08 03:00,,,,,,
FVJN,2024-10-08 04:00,,,,,,
FVJN,2024-10-08 05:00,,,,,,
FVJN,2024-10-08 06:00,,,,,,
FVJN,2024-10-08 07:00,,,,,,
FVJN,2024-10-08 09:00,,,,,,
FVJN,2024-10-08 10:00,,,,,,
FVJN,2024-10-08 11:00,,,,,,
FVJN,2024-10-08 12:00,,,,,,
FVJN,2024-10-08 13:00,,,,,,
FVJN,2024-10-08 14:00,,,,,,
FVJN,2024-10-08 15:00,,,,,,
FVJN,2024-10-08 16:00,,,,,,
FVJN,2024-10-09 03:00,,,,,,
FVJN,2024-10-09 04:00,,,,,,
FVJN,2024-10-09 05:00,,,,,,
FVJN,2024-10-09 06:00,,,,,,
FVJN,2024-10-09 07:00,,,,,,
FVJN,2024-10-09 08:00,,,,,,
FVJN,2024-10-09 09:00,,,,,,
FVJN,2024-10-09 10:00,,,,,,
FVJN,2024-10-09 11:00,,,,,,
FVJN,2024-10-09 12:00,,,,,,
FVJN,2024-10-09 13:00,,,,,,
FVJN,2024-10-09 14:00,,,,,,
FVJN,2024-10-09 15:00,,,,,,
FVJN,2024-10-09 16:00,,,,,,
FVJN,2024-10-10 03:00,,,,,,
FVJN,2024-10-10 04:00,,,,,,
FVJN,2024-10-10 05:00,,,,,,
FVJN,2024-10-10 06:00,,,,,,
FVJN,2024-10-10 07:00,,,,,,
FVJN,2024-10-10 08:00,,,,,,
FVJN,2024-10-10 09:00,,,,,,
FVJN,2024-10-10 10:00,,,,,,
FVJN,2024-10-10 12:00,,,,,,
FVJN,2024-10-10 13:00,,,,,,
FVJN,2024-10-10 14:00,,,,,,
FVJN,2024-10-10 15:00,,,,,,
FVJN,2024-10-11 03:00,,,,,,
FVJN,2024-10-11 04:00,,,,,,
FVJN,2024-10-11 05:00,,,,,,
FVJN,2024-10-11 06:00,,,,,,
FVJN,2024-10-11 07:00,,,,,,
FVJN,2024-10-11 09:00,,,,,,
FVJN,2024-10-11 19:00,,,,,,
FVJN,2024-10-11 20:00,,,,,,
FVJN,2024-10-12 05:00,,,,,,
FVJN,2024-10-12 08:00,,,,,,
FVJN,2024-10-12 09:00,,,,,,
FVJN,2024-10-12 10:00,,,,,,
FVJN,2024-10-12 11:00,,,,,,
FVJN,2024-10-12 12:00,,,,,,
FVJN,2024-10-12 13:00,,,,,,
FVJN,2024-10-12 14:00,,,,,,
FVJN,2024-10-12 15:00,,,,,,
FVJN,2024-10-12 16:00,,,,,,
FVJN,2024-10-13 03:00,,,,,,
FVJN,2024-10-13 04:00,,,,,,
FVJN,2024-10-13 05:00,,,,,,
FVJN,2024-10-13 06:00,,,,,,
FVJN,2024-10-13 07:00,,,,,,
FVJN,2024-10-13 09:00,,,,,,
FVJN,2024-10-13 10:00,,,,,,
FVJN,2024-10-14 03:00,,,,,,
FVJN,2024-10-14 04:00,,,,,,
FVJN,2024-10-14 06:00,,,,,,
FVJN,2024-10-14 07:00,,,,,,
FVJN,2024-10-14 08:00,,,,,,
FVJN,2024-10-14 09:00,,,,,,
FVJN,2024-10-14 10:00,,,,,,
FVJN,2024-10-14 13:00,,,,,,
FVJN,2024-10-14 15:00,,,,,,
FVJN,2024-10-15 03:00,,,,,,
FVJN,2024-10-15 04:00,,,,,,
FVJN,2024-10-15 06:00,,,,,,
FVJN,2024-10-15 07:00,,,,,,
FVJN,2024-10-15 08:00,,,,,,
FVJN,2024-10-15 10:00,,,,,,
FVJN,2024-10-15 12:00,,,,,,
FVJN,2024-10-15 13:00,,,,,,
FVJN,2024-10-15 16:00,,,,,,
FVJN,2024-10-16 07:00,BKN,,,800.00,,
FVJN,2024-10-16 09:00,BKN,,,1800.00,,
FVJN,2024-10-16 10:00,SCT,,,3800.00,,
FVJN,2024-10-16 11:00,SCT,,,3800.00,,
FVJN,2024-10-16 12:00,FEW,,,4800.00,,
FVJN,2024-10-16 13:00,SCT,,,4800.00,,
FVJN,2024-10-16 14:00,,,,,,
FVJN,2024-10-16 15:00,SCT,,,3000.00,,
FVJN,2024-10-17 04:00,OVC,,,800.00,,
FVJN,2024-10-17 05:00,OVC,,,900.00,,
FVJN,2024-10-17 06:00,OVC,,,1300.00,,
FVJN,2024-10-17 07:00,BKN,,,2000.00,,
FVJN,2024-10-17 09:00,FEW,,,4500.00,,
FVJN,2024-10-17 10:00,,,,,,
FVJN,2024-10-17 11:00,,,,,,
FVJN,2024-10-17 12:00,,,,,,
FVJN,2024-10-17 14:00,,,,,,
FVJN,2024-10-17 15:00,,,,,,
FVJN,2024-10-17 16:00,,,,,,
FVJN,2024-10-18 03:00,,,,,,
FVJN,2024-10-18 04:00,,,,,,
FVJN,2024-10-18 05:00,,,,,,
FVJN,2024-10-18 06:00,,,,,,
FVJN,2024-10-18 10:00,,,,,,
FVJN,2024-10-18 12:00,,,,,,
FVJN,2024-10-19 03:00,,,,,,
FVJN,2024-10-19 04:00,,,,,,
FVJN,2024-10-19 05:00,,,,,,
FVJN,2024-10-19 06:00,,,,,,
FVJN,2024-10-19 07:00,,,,,,
FVJN,2024-10-19 08:00,,,,,,
FVJN,2024-10-19 09:00,,,,,,
FVJN,2024-10-19 10:00,,,,,,
FVJN,2024-10-19 11:00,,,,,,
FVJN,2024-10-19 12:00,,,,,,
FVJN,2024-10-19 13:00,,,,,,
FVJN,2024-10-19 14:00,,,,,,
FVJN,2024-10-19 15:00,,,,,,
FVJN,2024-10-19 16:00,,,,,,
FVJN,2024-10-20 03:00,,,,,,
FVJN,2024-10-20 04:00,,,,,,
FVJN,2024-10-20 05:00,,,,,,
FVJN,2024-10-20 06:00,,,,,,
FVJN,2024-10-20 07:00,,,,,,
FVJN,2024-10-20 08:00,,,,,,
FVJN,2024-10-20 09:00,,,,,,
FVJN,2024-10-20 10:00,,,,,,
FVJN,2024-10-20 11:00,,,,,,
FVJN,2024-10-20 12:00,,,,,,
FVJN,2024-10-20 13:00,,,,,,
FVJN,2024-10-20 14:00,,,,,,
FVJN,2024-10-20 15:00,,,,,,
FVJN,2024-10-20 16:00,,,,,,
FVJN,2024-10-20 17:00,,,,,,
FVJN,2024-10-20 18:00,,,,,,
FVJN,2024-10-21 03:00,,,,,,
FVJN,2024-10-21 04:00,,,,,,
FVJN,2024-10-21 05:00,,,,,,
FVJN,2024-10-21 06:00,,,,,,
FVJN,2024-10-21 09:00,,,,,,
FVJN,2024-10-21 12:00,,,,,,
FVJN,2024-10-21 15:00,,,,,,
FVJN,2024-10-21 16:00,,,,,,
FVJN,2024-10-22 04:00,,,,,,
FVJN,2024-10-22 05:00,,,,,,
FVJN,2024-10-22 06:00,,,,,,
FVJN,2024-10-22 07:00,,,,,,
FVJN,2024-10-22 09:00,,,,,,
FVJN,2024-10-24 07:00,,,,,,
FVJN,2024-10-24 08:00,,,,,,
FVJN,2024-10-24 09:00,,,,,,
FVJN,2024-10-24 10:00,,,,,,
FVJN,2024-10-24 12:00,SCT,,,7000.00,,
FVJN,2024-10-24 13:00,SCT,,,7000.00,,
FVJN,2024-10-24 14:00,SCT,,,7000.00,,
FVJN,2024-10-24 15:00,FEW,SCT,,6000.00,7000.00,
FVJN,2024-10-24 16:00,FEW,,,6000.00,,
FVJN,2024-10-25 03:00,,,,,,
FVJN,2024-10-25 04:00,,,,,,
FVJN,2024-10-25 05:00,,,,,,
FVJN,2024-10-25 06:00,,,,,,
FVJN,2024-10-25 08:00,,,,,,
FVJN,2024-10-25 09:00,,,,,,
FVJN,2024-10-25 10:00,,,,,,
FVJN,2024-10-25 12:00,,,,,,
FVJN,2024-10-26 03:00,,,,,,
FVJN,2024-10-27 03:00,FEW,BKN,,4000.00,8000.00,
FVJN,2024-10-27 08:00,,,,,,
FVJN,2024-10-28 04:00,BKN,,,8000.00,,
FVJN,2024-10-28 06:00,,,,,,
FVJN,2024-10-28 07:00,,,,,,
FVJN,2024-10-28 08:00,,,,,,
FVJN,2024-10-28 09:00,FEW,,,4000.00,,
FVJN,2024-10-28 10:00,,,,,,
FVJN,2024-10-28 12:00,BKN,,,6000.00,,
FVJN,2024-10-28 13:00,FEW,SCT,,5000.00,6000.00,
FVJN,2024-10-28 14:00,FEW,BKN,,6000.00,30000.00,
FVJN,2024-10-28 15:00,,,,,,
FVJN,2024-10-28 16:00,,,,,,
FVJN,2024-10-29 03:00,,,,,,
FVJN,2024-10-29 04:00,,,,,,
FVJN,2024-10-29 05:00,,,,,,
FVJN,2024-10-29 06:00,,,,,,
FVJN,2024-10-29 07:00,,,,,,
FVJN,2024-10-30 09:00,,,,,,
FVJN,2024-10-30 11:00,,,,,,
FVJN,2024-10-30 13:00,,,,,,
FVJN,2024-10-30 16:00,,,,,,
FVJN,2024-10-31 08:00,FEW,,,3500.00,,
FVJN,2024-10-31 09:00,,,,,,
FVJN,2024-10-31 11:00,,,,,,
FVJN,2024-10-31 12:00,,,,,,
FVJN,2024-11-01 03:00,,,,,,
FVJN,2024-11-01 07:00,,,,,,
FVJN,2024-11-01 09:00,,,,,,
FVJN,2024-11-01 10:00,,,,,,
FVJN,2024-11-01 12:00,,,,,,
FVJN,2024-11-01 13:00,FEW,,,,,
FVJN,2024-11-01 14:00,FEW,,,5000.00,,
FVJN,2024-11-02 04:00,,,,,,
FVJN,2024-11-02 05:00,,,,,,
FVJN,2024-11-02 06:00,,,,,,
FVJN,2024-11-02 07:00,,,,,,
FVJN,2024-11-02 09:00,,,,,,
FVJN,2024-11-03 08:00,,,,,,
FVJN,2024-11-03 09:00,,,,,,
FVJN,2024-11-03 10:00,,,,,,
FVJN,2024-11-03 11:00,,,,,,
FVJN,2024-11-03 12:00,,,,,,
FVJN,2024-11-03 13:00,,,,,,
FVJN,2024-11-03 15:00,,,,,,
FVJN,2024-11-03 16:00,,,,,,
FVJN,2024-11-04 04:00,,,,,,
FVJN,2024-11-04 05:00,,,,,,
FVJN,2024-11-04 06:00,,,,,,
FVJN,2024-11-04 07:00,,,,,,
FVJN,2024-11-04 08:00,,,,,,
FVJN,2024-11-04 09:00,,,,,,
FVJN,2024-11-05 03:00,,,,,,
FVJN,2024-11-05 04:00,,,,,,
FVJN,2024-11-05 06:00,,,,,,
FVJN,2024-11-05 07:00,,,,,,
FVJN,2024-11-06 03:00,,,,,,
FVJN,2024-11-07 08:00,FEW,BKN,,3000.00,10000.00,
FVJN,2024-11-07 09:00,,,,,,
FVJN,2024-11-07 12:00,,,,,,
FVJN,2024-11-07 15:00,FEW,BKN,,5000.00,30000.00,
FVJN,2024-11-07 16:00,FEW,BKN,,5000.00,30000.00,
FVJN,2024-11-08 04:00,BKN,,,800.00,,
FVJN,2024-11-08 05:00,BKN,,,900.00,,
FVJN,2024-11-08 07:00,BKN,,,1500.00,,
FVJN,2024-11-08 09:00,FEW,,,4000.00,,
FVJN,2024-11-08 10:00,,,,,,
FVJN,2024-11-08 11:00,,,,,,
FVJN,2024-11-08 12:00,,,,,,
FVJN,2024-11-08 13:00,,,,,,
FVJN,2024-11-08 14:00,,,,,,
FVJN,2024-11-08 15:00,,,,,,
FVJN,2024-11-08 16:00,,,,,,
FVJN,2024-11-09 03:00,,,,,,
FVJN,2024-11-09 04:00,,,,,,
FVJN,2024-11-09 05:00,,,,,,
FVJN,2024-11-09 06:00,,,,,,
FVJN,2024-11-09 07:00,,,,,,
FVJN,2024-11-09 08:00,,,,,,
FVJN,2024-11-09 09:00,,,,,,
FVJN,2024-11-09 10:00,,,,,,
FVJN,2024-11-09 11:00,,,,,,
FVJN,2024-11-09 12:00,,,,,,
FVJN,2024-11-09 13:00,,,,,,
FVJN,2024-11-09 14:00,,,,,,
FVJN,2024-11-09 15:00,FEW,BKN,,4000.00,40000.00,
FVJN,2024-11-09 16:00,FEW,BKN,,4000.00,7000.00,
FVJN,2024-11-10 04:00,,,,,,
FVJN,2024-11-10 05:00,,,,,,
FVJN,2024-11-10 06:00,BKN,,,8000.00,,
FVJN,2024-11-10 12:00,FEW,SCT,BKN,4500.00,5000.00,8000.00
FVJN,2024-11-10 15:00,FEW,BKN,,4500.00,8000.00,
FVJN,2024-11-11 03:00,,,,,,
FVJN,2024-11-11 04:00,,,,,,
FVJN,2024-11-11 05:00,,,,,,
FVJN,2024-11-11 06:00,,,,,,
FVJN,2024-11-11 07:00,BKN,,,9000.00,,
FVJN,2024-11-11 08:00,,,,,,
FVJN,2024-11-11 09:00,,,,,,
FVJN,2024-11-11 10:00,,,,,,
FVJN,2024-11-11 12:00,SCT,BKN,,7000.00,10000.00,
FVJN,2024-11-11 13:00,SCT,BKN,,7000.00,10000.00,
FVJN,2024-11-11 14:00,SCT,BKN,,7000.00,10000.00,
FVJN,2024-11-11 15:00,FEW,SCT,BKN,4000.00,5000.00,10000.00
FVJN,2024-11-11 16:00,FEW,SCT,OVC,4000.00,5000.00,9000.00
FVJN,2024-11-12 03:00,,,,,,
FVJN,2024-11-12 04:00,,,,,,
FVJN,2024-11-12 05:00,FEW,BKN,,1000.00,30000.00,
FVJN,2024-11-12 06:00,BKN,BKN,,1000.00,30000.00,
FVJN,2024-11-12 11:00,FEW,SCT,BKN,3000.00,4000.00,9000.00
FVJN,2024-11-12 12:00,FEW,BKN,BKN,3000.00,4000.00,9000.00
FVJN,2024-11-12 14:00,FEW,BKN,,3000.00,9000.00,
FVJN,2024-11-13 09:00,FEW,BKN,,2500.00,9000.00,
FVJN,2024-11-13 12:00,FEW,BKN,,2000.00,8000.00,
FVJN,2024-11-13 15:00,FEW,SCT,,3000.00,9000.00,
FVJN,2024-11-14 04:00,BKN,,,600.00,,
FVJN,2024-11-14 08:00,BKN,,,1500.00,,
FVJN,2024-11-14 09:00,OVC,,,1500.00,,
FVJN,2024-11-14 11:00,BKN,,,2000.00,,
FVJN,2024-11-14 13:00,OVC,,,2000.00,,
FVJN,2024-11-14 16:00,OVC,,,800.00,,
FVJN,2024-11-14 17:00,BKN,,,800.00,,
FVJN,2024-11-14 18:00,SCT,,,800.00,,
FVJN,2024-11-15 04:00,BKN,,,800.00,,
FVJN,2024-11-15 05:00,BKN,,,800.00,,
FVJN,2024-11-15 06:00,BKN,,,800.00,,
FVJN,2024-11-15 07:00,OVC,,,800.00,,
FVJN,2024-11-15 09:00,BKN,,,1600.00,,
FVJN,2024-11-15 12:00,BKN,,,1600.00,,
FVJN,2024-11-15 13:00,BKN,,,1600.00,,
FVJN,2024-11-16 06:00,,,,,,
FVJN,2024-11-16 07:00,FEW,BKN,,2500.00,30000.00,
FVJN,2024-11-16 09:00,SCT,,,3500.00,,
FVJN,2024-11-17 08:00,,,,,,
FVJN,2024-11-17 09:00,,,,,,
FVJN,2024-11-17 10:00,,,,,,
FVJN,2024-11-17 11:00,,,,,,
FVJN,2024-11-17 12:00,,,,,,
FVJN,2024-11-17 13:00,,,,,,
FVJN,2024-11-17 15:00,,,,,,
FVJN,2024-11-17 17:00,,,,,,
FVJN,2024-11-17 18:00,,,,,,
FVJN,2024-11-18 03:00,,,,,,
FVJN,2024-11-18 04:00,,,,,,
FVJN,2024-11-18 05:00,,,,,,
FVJN,2024-11-18 06:00,,,,,,
FVJN,2024-11-18 08:00,,,,,,
FVJN,2024-11-18 12:00,,,,,,
FVJN,2024-11-18 14:00,,,,,,
FVJN,2024-11-18 16:00,,,,,,
FVJN,2024-11-19 04:00,,,,,,
FVJN,2024-11-19 06:00,,,,,,
FVJN,2024-11-19 07:00,,,,,,
FVJN,2024-11-19 08:00,,,,,,
FVJN,2024-11-19 09:00,,,,,,
FVJN,2024-11-19 10:00,,,,,,
FVJN,2024-11-19 11:00,,,,,,
FVJN,2024-11-19 12:00,,,,,,
FVJN,2024-11-19 13:00,,,,,,
FVJN,2024-11-19 16:00,,,,,,
FVJN,2024-11-20 03:00,,,,,,
FVJN,2024-11-20 04:00,,,,,,
FVJN,2024-11-20 05:00,,,,,,
FVJN,2024-11-20 06:00,,,,,,
FVJN,2024-11-20 07:00,,,,,,
FVJN,2024-11-20 08:00,,,,,,
FVJN,2024-11-20 09:00,,,,,,
FVJN,2024-11-20 12:00,,,,,,
FVJN,2024-11-21 07:00,,,,,,
FVJN,2024-11-21 09:00,,,,,,
FVJN,2024-11-22 03:00,,,,,,
FVJN,2024-11-22 04:00,,,,,,
FVJN,2024-11-22 05:00,,,,,,
FVJN,2024-11-22 06:00,,,,,,
FVJN,2024-11-22 07:00,,,,,,
FVJN,2024-11-22 08:00,,,,,,
FVJN,2024-11-22 09:00,,,,,,
FVJN,2024-11-22 10:00,,,,,,
FVJN,2024-11-22 12:00,,,,,,
FVJN,2024-11-22 13:00,,,,,,
FVJN,2024-11-22 14:00,,,,,,
FVJN,2024-11-22 15:00,,,,,,
FVJN,2024-11-22 16:00,,,,,,
FVJN,2024-11-23 03:00,,,,,,
FVJN,2024-11-23 04:00,,,,,,
FVJN,2024-11-23 05:00,,,,,,
FVJN,2024-11-23 06:00,,,,,,
FVJN,2024-11-23 07:00,,,,,,
FVJN,2024-11-23 15:00,FEW,BKN,,5000.00,8000.00,
FVJN,2024-11-24 07:00,,,,,,
FVJN,2024-11-24 08:00,,,,,,
FVJN,2024-11-24 09:00,FEW,BKN,,3000.00,30000.00,
FVJN,2024-11-24 10:00,FEW,BKN,,3500.00,30000.00,
FVJN,2024-11-24 11:00,FEW,BKN,,4000.00,30000.00,
FVJN,2024-11-24 13:00,FEW,SCT,BKN,4000.00,4500.00,8000.00
FVJN,2024-11-24 14:00,FEW,BKN,,4000.00,8000.00,
FVJN,2024-11-25 03:00,,,,,,
FVJN,2024-11-25 04:00,,,,,,
FVJN,2024-11-25 05:00,,,,,,
FVJN,2024-11-25 06:00,,,,,,
FVJN,2024-11-25 07:00,,,,,,
FVJN,2024-11-25 09:00,SCT,BKN,,2800.00,30000.00,
FVJN,2024-11-25 10:00,FEW,SCT,BKN,2500.00,8000.00,30000.00
FVJN,2024-11-25 13:00,FEW,BKN,,2800.00,9000.00,
FVJN,2024-11-25 14:00,FEW,FEW,BKN,1000.00,3000.00,9000.00
FVJN,2024-11-25 15:00,OVC,,,9000.00,,
FVJN,2024-11-25 16:00,,,,,,
FVJN,2024-11-26 03:00,,,,,,
FVJN,2024-11-26 04:00,,,,,,
FVJN,2024-11-26 05:00,,,,,,
FVJN,2024-11-26 06:00,,,,,,
FVJN,2024-11-26 07:00,,,,,,
FVJN,2024-11-26 08:00,,,,,,
FVJN,2024-11-26 09:00,SCT,,,4000.00,,
FVJN,2024-11-26 10:00,SCT,SCT,,4000.00,30000.00,
FVJN,2024-11-26 11:00,FEW,SCT,,3000.00,9000.00,
FVJN,2024-11-26 12:00,FEW,BKN,,3000.00,9000.00,
FVJN,2024-11-26 14:00,BKN,SCT,,9000.00,30000.00,
FVJN,2024-11-26 15:00,BKN,SCT,,9000.00,30000.00,
FVJN,2024-11-26 16:00,BKN,SCT,,9000.00,30000.00,
FVJN,2024-11-27 04:00,,,,,,
FVJN,2024-11-27 05:00,,,,,,
FVJN,2024-11-27 06:00,,,,,,
FVJN,2024-11-27 07:00,,,,,,
FVJN,2024-11-27 08:00,SCT,,,4000.00,,
FVJN,2024-11-27 09:00,SCT,,,4000.00,,
FVJN,2024-11-27 10:00,,,,,,
FVJN,2024-11-27 11:00,,,,,,
FVJN,2024-11-27 12:00,,,,,,
FVJN,2024-11-27 13:00,,,,,,
FVJN,2024-11-27 14:00,FEW,,,8000.00,,
FVJN,2024-11-27 15:00,,,,,,
FVJN,2024-11-27 16:00,,,,,,
FVJN,2024-11-28 03:00,FEW,BKN,,,9000.00,
FVJN,2024-11-28 04:00,FEW,,,3500.00,,
FVJN,2024-11-28 05:00,,,,,,
FVJN,2024-11-28 06:00,FEW,SCT,,4000.00,30000.00,
FVJN,2024-11-28 07:00,SCT,,,3800.00,,
FVJN,2024-11-28 09:00,SCT,,,4500.00,,
FVJN,2024-11-28 10:00,,,,,,
FVJN,2024-11-28 15:00,FEW,,,4000.00,,
FVJN,2024-11-29 08:00,OVC,,,800.00,,
FVJN,2024-11-29 12:00,OVC,,,1500.00,,
FVJN,2024-11-29 14:00,OVC,,,1800.00,,
FVJN,2024-11-29 16:00,OVC,,,1500.00,,
FVJN,2024-11-30 03:00,FEW,BKN,,800.00,30000.00,
FVJN,2024-11-30 04:00,,,,,,
FVJN,2024-11-30 05:00,,,,,,
FVJN,2024-11-30 06:00,,,,,,
FVJN,2024-11-30 08:00,FEW,,,3500.00,,
FVJN,2024-11-30 10:00,FEW,,,4500.00,,
FVJN,2024-11-30 11:00,,,,,,
FVJN,2024-11-30 12:00,,,,,,
FVJN,2024-11-30 15:00,,,,,,
FVJN,2024-12-01 03:00,,,,,,
FVJN,2024-12-02 08:00,,,,,,
FVJN,2024-12-02 09:00,,,,,,
FVJN,2024-12-02 10:00,,,,,,
FVJN,2024-12-02 12:00,,,,,,
FVJN,2024-12-02 13:00,,,,,,
FVJN,2024-12-02 14:00,,,,,,
FVJN,2024-12-02 15:00,,,,,,
FVJN,2024-12-02 16:00,,,,,,
FVJN,2024-12-03 03:00,,,,,,
FVJN,2024-12-03 04:00,,,,,,
FVJN,2024-12-03 06:00,,,,,,
FVJN,2024-12-03 07:00,,,,,,
FVJN,2024-12-04 04:00,,,,,,
FVJN,2024-12-04 06:00,,,,,,
FVJN,2024-12-04 07:00,,,,,,
FVJN,2024-12-04 08:00,,,,,,
FVJN,2024-12-04 09:00,,,,,,
FVJN,2024-12-04 10:00,,,,,,
FVJN,2024-12-04 11:00,,,,,,
FVJN,2024-12-04 12:00,,,,,,
FVJN,2024-12-04 13:00,,,,,,
FVJN,2024-12-04 14:00,,,,,,
FVJN,2024-12-04 15:00,,,,,,
FVJN,2024-12-04 16:00,,,,,,
FVJN,2024-12-05 04:00,,,,,,
FVJN,2024-12-05 05:00,,,,,,
FVJN,2024-12-05 06:00,,,,,,
FVJN,2024-12-05 07:00,,,,,,
FVJN,2024-12-05 09:00,,,,,,
FVJN,2024-12-05 12:00,,,,,,
FVJN,2024-12-05 15:00,,,,,,
FVJN,2024-12-06 05:00,,,,,,
FVJN,2024-12-06 06:00,,,,,,
FVJN,2024-12-06 07:00,,,,,,
FVJN,2024-12-06 08:00,,,,,,
FVJN,2024-12-06 09:00,,,,,,
FVJN,2024-12-06 13:00,,,,,,
FVJN,2024-12-06 14:00,,,,,,
FVJN,2024-12-07 07:00,,,,,,
FVJN,2024-12-07 08:00,,,,,,
FVJN,2024-12-07 09:00,,,,,,
FVJN,2024-12-07 10:00,,,,,,
FVJN,2024-12-07 11:00,,,,,,
FVJN,2024-12-07 12:00,,,,,,
FVJN,2024-12-07 13:00,,,,,,
FVJN,2024-12-07 15:00,FEW,,,8000.00,,
FVJN,2024-12-07 16:00,FEW,,,8000.00,,
FVJN,2024-12-08 03:00,FEW,,,1500.00,,
FVJN,2024-12-08 04:00,,,,,,
FVJN,2024-12-08 06:00,SCT,,,2000.00,,
FVJN,2024-12-08 07:00,FEW,,,3000.00,,
FVJN,2024-12-08 08:00,FEW,,,4000.00,,
FVJN,2024-12-08 09:00,,,,,,
FVJN,2024-12-08 10:00,,,,,,
FVJN,2024-12-08 11:00,,,,,,
FVJN,2024-12-08 12:00,,,,,,
FVJN,2024-12-08 13:00,,,,,,
FVJN,2024-12-08 14:00,,,,,,
FVJN,2024-12-08 15:00,,,,,,
FVJN,2024-12-08 16:00,,,,,,
FVJN,2024-12-08 17:00,,,,,,
FVJN,2024-12-09 04:00,,,,,,
FVJN,2024-12-09 05:00,,,,,,
FVJN,2024-12-09 06:00,,,,,,
FVJN,2024-12-09 07:00,,,,,,
FVJN,2024-12-11 14:00,,,,,,
FVJN,2024-12-12 04:00,,,,,,
FVJN,2024-12-12 09:00,,,,,,
FVJN,2024-12-12 10:00,,,,,,
FVJN,2024-12-12 11:00,,,,,,
FVJN,2024-12-12 12:00,,,,,,
FVJN,2024-12-12 13:00,,,,,,
FVJN,2024-12-12 14:00,,,,,,
FVJN,2024-12-12 15:00,,,,,,
FVJN,2024-12-12 16:00,,,,,,
FVJN,2024-12-12 17:00,,,,,,
FVJN,2024-12-13 05:00,,,,,,
FVJN,2024-12-13 06:00,,,,,,
FVJN,2024-12-13 07:00,,,,,,
FVJN,2024-12-13 08:00,,,,,,
FVJN,2024-12-13 09:00,,,,,,
FVJN,2024-12-13 10:00,,,,,,
FVJN,2024-12-13 11:00,,,,,,
FVJN,2024-12-13 12:00,,,,,,
FVJN,2024-12-13 13:00,,,,,,
FVJN,2024-12-13 14:00,,,,,,
FVJN,2024-12-13 15:00,,,,,,
FVJN,2024-12-13 16:00,,,,,,
FVJN,2024-12-14 03:00,,,,,,
FVJN,2024-12-14 04:00,,,,,,
FVJN,2024-12-14 05:00,,,,,,
FVJN,2024-12-14 06:00,,,,,,
FVJN,2024-12-14 07:00,,,,,,
FVJN,2024-12-14 08:00,,,,,,
FVJN,2024-12-14 09:00,,,,,,
FVJN,2024-12-14 10:00,SCT,,,6000.00,,
FVJN,2024-12-14 11:00,SCT,,,6000.00,,
FVJN,2024-12-14 12:00,FEW,SCT,,5000.00,6000.00,
FVJN,2024-12-14 13:00,FEW,SCT,,5000.00,6000.00,
FVJN,2024-12-14 14:00,FEW,BKN,,5000.00,9000.00,
FVJN,2024-12-14 15:00,FEW,BKN,,5000.00,9000.00,
FVJN,2024-12-14 17:00,FEW,BKN,,5000.00,9000.00,
FVJN,2024-12-14 18:00,FEW,BKN,,5000.00,9000.00,
FVJN,2024-12-15 03:00,,,,,,
FVJN,2024-12-15 06:00,FEW,BKN,BKN,1800.00,12000.00,30000.00
FVJN,2024-12-15 09:00,BKN,,,4500.00,,
FVJN,2024-12-15 12:00,,,,,,
FVJN,2024-12-15 14:00,,,,,,
FVJN,2024-12-15 15:00,,,,,,
FVJN,2024-12-15 16:00,FEW,,,4000.00,,
FVJN,2024-12-16 03:00,,,,,,
FVJN,2024-12-16 04:00,,,,,,
FVJN,2024-12-16 05:00,,,,,,
FVJN,2024-12-16 06:00,,,,,,
FVJN,2024-12-16 07:00,,,,,,
FVJN,2024-12-17 04:00,,,,,,
FVJN,2024-12-17 05:00,,,,,,
FVJN,2024-12-17 08:00,FEW,SCT,,4200.00,30000.00,
FVJN,2024-12-17 09:00,SCT,,,4500.00,,
FVJN,2024-12-17 10:00,,,,,,
FVJN,2024-12-17 12:00,FEW,BKN,,4000.00,4500.00,
FVJN,2024-12-17 13:00,FEW,SCT,BKN,4000.00,4500.00,9000.00
FVJN,2024-12-17 14:00,FEW,BKN,,4000.00,9000.00,
FVJN,2024-12-17 15:00,FEW,BKN,,4000.00,30000.00,
FVJN,2024-12-17 16:00,,,,,,
FVJN,2024-12-18 03:00,OVC,,,8000.00,,
FVJN,2024-12-18 04:00,FEW,OVC,,800.00,8000.00,
FVJN,2024-12-18 05:00,FEW,OVC,,800.00,8000.00,
FVJN,2024-12-18 06:00,BKN,OVC,,800.00,8000.00,
FVJN,2024-12-18 07:00,FEW,FEW,OVC,800.00,3000.00,8000.00
FVJN,2024-12-18 08:00,FEW,FEW,OVC,800.00,3000.00,8000.00
FVJN,2024-12-18 09:00,FEW,FEW,OVC,800.00,3000.00,8000.00
FVJN,2024-12-18 11:00,BKN,OVC,,800.00,8000.00,
FVJN,2024-12-18 12:00,BKN,OVC,,900.00,8000.00,
FVJN,2024-12-18 13:00,BKN,,,900.00,,
FVJN,2024-12-18 14:00,BKN,OVC,,900.00,8000.00,
FVJN,2024-12-18 15:00,BKN,OVC,,900.00,8000.00,
FVJN,2024-12-18 17:00,SCT,OVC,,900.00,8000.00,
FVJN,2024-12-18 18:00,FEW,OVC,,900.00,8000.00,
FVJN,2024-12-19 03:00,,,,,,
FVJN,2024-12-19 04:00,,,,,,
FVJN,2024-12-19 05:00,,,,,,
FVJN,2024-12-19 06:00,,,,,,
FVJN,2024-12-19 07:00,FEW,BKN,,2500.00,9000.00,
FVJN,2024-12-19 15:00,FEW,SCT,BKN,4000.00,5000.00,30000.00
FVJN,2024-12-20 03:00,SCT,,,800.00,,
FVJN,2024-12-21 08:00,FEW,,,3500.00,,
FVJN,2024-12-21 09:00,,,,,,
FVJN,2024-12-21 10:00,,,,,,
FVJN,2024-12-21 11:00,,,,,,
FVJN,2024-12-21 13:00,FEW,SCT,,5000.00,6000.00,
FVJN,2024-12-21 15:00,FEW,SCT,BKN,4000.00,5000.00,9000.00
FVJN,2024-12-22 03:00,,,,,,
FVJN,2024-12-22 04:00,,,,,,
FVJN,2024-12-22 05:00,,,,,,
FVJN,2024-12-22 06:00,,,,,,
FVJN,2024-12-22 07:00,,,,,,
FVJN,2024-12-24 05:00,,,,,,
FVJN,2024-12-24 06:00,,,,,,
FVJN,2024-12-24 07:00,,,,,,
FVJN,2024-12-24 10:00,,,,,,
FVJN,2024-12-25 08:00,BKN,BKN,,1200.00,9000.00,
FVJN,2024-12-25 09:00,BKN,SCT,,2500.00,9000.00,
FVJN,2024-12-25 10:00,BKN,SCT,,2800.00,9000.00,
FVJN,2024-12-25 11:00,BKN,SCT,,2500.00,9000.00,
FVJN,2024-12-25 12:00,FEW,SCT,,2000.00,9000.00,
FVJN,2024-12-25 14:00,FEW,FEW,BKN,1000.00,2000.00,30000.00
FVJN,2024-12-26 05:00,SCT,,,1000.00,,
FVJN,2024-12-26 06:00,SCT,,,1000.00,,
FVJN,2024-12-26 09:00,SCT,,,4000.00,,
FVJN,2024-12-26 10:00,BKN,,,4000.00,,
FVJN,2024-12-27 10:00,FEW,,,3500.00,,
FVJN,2024-12-27 11:00,SCT,,,4000.00,,
FVJN,2024-12-27 12:00,BKN,,,5000.00,,
FVJN,2024-12-27 14:00,FEW,SCT,,4000.00,8000.00,
FVJN,2024-12-27 15:00,FEW,BKN,,4000.00,8000.00,
FVJN,2024-12-27 18:00,FEW,BKN,,3000.00,8000.00,
FVJN,2024-12-27 19:00,FEW,BKN,,3000.00,8000.00,
FVJN,2024-12-28 04:00,,,,,,
FVJN,2024-12-28 05:00,,,,,,
FVJN,2024-12-28 06:00,,,,,,
FVJN,2024-12-28 08:00,FEW,BKN,,2500.00,9000.00,
FVJN,2024-12-28 09:00,FEW,BKN,,3000.00,9000.00,
FVJN,2024-12-28 10:00,FEW,BKN,,3500.00,9000.00,
FVJN,2024-12-28 11:00,FEW,BKN,,4000.00,9000.00,
FVJN,2024-12-28 12:00,FEW,SCT,BKN,4000.00,4500.00,9000.00
FVJN,2024-12-28 15:00,FEW,SCT,BKN,4000.00,4500.00,30000.00
FVJN,2024-12-29 04:00,,,,,,
FVJN,2024-12-29 05:00,,,,,,
FVJN,2024-12-29 06:00,FEW,BKN,,1500.00,9000.00,
FVJN,2024-12-29 07:00,FEW,BKN,,2500.00,9000.00,
FVJN,2024-12-29 08:00,FEW,BKN,,3000.00,9000.00,
FVJN,2024-12-29 09:00,FEW,SCT,BKN,3000.00,3500.00,9000.00
FVJN,2024-12-29 10:00,FEW,SCT,BKN,3000.00,3500.00,9000.00
FVJN,2024-12-29 12:00,FEW,SCT,BKN,3000.00,3500.00,9000.00
FVJN,2024-12-29 14:00,FEW,FEW,OVC,1500.00,3000.00,9000.00
FVJN,2024-12-29 15:00,SCT,FEW,BKN,1000.00,3000.00,9000.00
FVJN,2024-12-29 16:00,FEW,BKN,,3000.00,9000.00,
FVJN,2024-12-30 04:00,BKN,,,2000.00,,
FVJN,2024-12-30 05:00,FEW,BKN,,800.00,8000.00,
FVJN,2024-12-30 06:00,FEW,BKN,,800.00,8000.00,
FVJN,2024-12-30 07:00,SCT,BKN,,1000.00,8000.00,
FVJN,2024-12-30 08:00,SCT,BKN,,1000.00,8000.00,
FVJN,2024-12-30 09:00,SCT,BKN,,1000.00,8000.00,
FVJN,2024-12-30 10:00,SCT,BKN,,1000.00,8000.00,
FVJN,2024-12-30 11:00,SCT,BKN,,1500.00,8000.00,
FVJN,2024-12-30 13:00,FEW,BKN,,2000.00,2500.00,
FVJN,2024-12-30 14:00,FEW,BKN,,2000.00,8000.00,
FVJN,2024-12-31 03:00,,,,,,
FVJN,2024-12-31 04:00,BKN,,,8000.00,,
FVJN,2024-12-31 05:00,,,,,,
FVJN,2024-12-31 06:00,FEW,SCT,,2000.00,10000.00,
FVJN,2024-12-31 13:00,FEW,,,4000.00,,
FVJN,2024-12-31 14:00,FEW,,,4000.00,,
FVJN,2025-01-01 08:00,SCT,,,2000.00,,
FVJN,2025-01-01 09:00,SCT,,,2500.00,,
FVJN,2025-01-01 10:00,BKN,,,3000.00,,
FVJN,2025-01-01 11:00,FEW,SCT,,3000.00,3500.00,
FVJN,2025-01-01 12:00,FEW,SCT,,3000.00,3500.00,
FVJN,2025-01-01 13:00,FEW,BKN,,3000.00,3500.00,
FVJN,2025-01-01 14:00,FEW,SCT,,3000.00,3500.00,
FVJN,2025-01-01 15:00,FEW,SCT,,3000.00,8000.00,
FVJN,2025-01-01 17:00,FEW,SCT,BKN,3000.00,3500.00,30000.00
FVJN,2025-01-01 18:00,FEW,SCT,BKN,3000.00,3500.00,30000.00
FVJN,2025-01-02 03:00,FEW,SCT,BKN,2000.00,3000.00,8000.00
FVJN,2025-01-02 04:00,SCT,FEW,OVC,1500.00,3000.00,8000.00
FVJN,2025-01-02 05:00,FEW,SCT,OVC,,1000.00,8000.00
FVJN,2025-01-02 06:00,FEW,BKN,OVC,,1000.00,9000.00
FVJN,2025-01-02 07:00,BKN,BKN,,1000.00,9000.00,
FVJN,2025-01-02 08:00,FEW,BKN,,2000.00,9000.00,
FVJN,2025-01-02 09:00,SCT,BKN,,2500.00,9000.00,
FVJN,2025-01-02 10:00,SCT,BKN,,3000.00,9000.00,
FVJN,2025-01-02 11:00,BKN,SCT,,3000.00,9000.00,
FVJN,2025-01-02 12:00,,,,,,
FVJN,2025-01-02 14:00,,,,,,
FVJN,2025-01-02 15:00,,,,,,
FVJN,2025-01-03 05:00,FEW,BKN,,3500.00,9000.00,
FVJN,2025-01-03 06:00,FEW,BKN,,3500.00,9000.00,
FVJN,2025-01-03 07:00,FEW,BKN,,3000.00,9000.00,
FVJN,2025-01-03 08:00,FEW,BKN,,2500.00,3000.00,
FVJN,2025-01-03 09:00,BKN,BKN,,3000.00,30000.00,
FVJN,2025-01-03 11:00,SCT,SCT,,3000.00,30000.00,
FVJN,2025-01-03 16:00,FEW,SCT,BKN,2000.00,3000.00,9000.00
FVJN,2025-01-04 06:00,BKN,SCT,,900.00,10000.00,
FVJN,2025-01-04 09:00,SCT,,,2500.00,,
FVJN,2025-01-04 10:00,SCT,BKN,,3000.00,7000.00,
FVJN,2025-01-04 11:00,SCT,,,3000.00,,
FVJN,2025-01-04 12:00,SCT,,,3000.00,,
FVJN,2025-01-04 13:00,FEW,SCT,,3800.00,30000.00,
FVJN,2025-01-04 14:00,FEW,SCT,,3500.00,8000.00,
FVJN,2025-01-05 04:00,BKN,,,8000.00,,
FVJN,2025-01-05 05:00,,,,,,
FVJN,2025-01-05 06:00,FEW,BKN,,1000.00,9000.00,
FVJN,2025-01-05 07:00,SCT,,,1000.00,,
FVJN,2025-01-05 09:00,SCT,,,2000.00,,
FVJN,2025-01-06 04:00,,,,,,
FVJN,2025-01-06 05:00,FEW,SCT,BKN,1000.00,9000.00,30000.00
FVJN,2025-01-06 06:00,BKN,,,1000.00,,
FVJN,2025-01-06 07:00,BKN,,,1000.00,,
FVJN,2025-01-06 08:00,BKN,,,2000.00,,
FVJN,2025-01-06 09:00,SCT,BKN,,2000.00,30000.00,
FVJN,2025-01-06 10:00,SCT,BKN,,2500.00,30000.00,
FVJN,2025-01-06 12:00,SCT,BKN,,3500.00,30000.00,
FVJN,2025-01-06 13:00,SCT,BKN,,3500.00,30000.00,
FVJN,2025-01-06 14:00,FEW,SCT,BKN,3000.00,3500.00,30000.00
FVJN,2025-01-06 15:00,FEW,SCT,BKN,3000.00,3500.00,30000.00
FVJN,2025-01-06 16:00,FEW,SCT,BKN,3000.00,3500.00,30000.00
FVJN,2025-01-07 04:00,OVC,,,500.00,,
FVJN,2025-01-07 05:00,BKN,,,500.00,,
FVJN,2025-01-07 06:00,BKN,,,800.00,,
FVJN,2025-01-07 08:00,FEW,BKN,,1500.00,2000.00,
FVJN,2025-01-07 09:00,BKN,,,2500.00,,
FVJN,2025-01-07 10:00,SCT,,,3000.00,,
FVJN,2025-01-07 11:00,FEW,SCT,,3000.00,3500.00,
FVJN,2025-01-07 13:00,FEW,SCT,,3000.00,3500.00,
FVJN,2025-01-07 14:00,FEW,SCT,,3000.00,3500.00,
FVJN,2025-01-07 15:00,FEW,BKN,,3000.00,8000.00,
FVJN,2025-01-08 03:00,BKN,,,900.00,,
FVJN,2025-01-08 05:00,BKN,,,900.00,,
FVJN,2025-01-08 06:00,FEW,,,1200.00,,
FVJN,2025-01-08 09:00,BKN,,,2800.00,,
FVJN,2025-01-08 10:00,BKN,,,3000.00,,
FVJN,2025-01-08 12:00,SCT,,,4000.00,,
FVJN,2025-01-08 14:00,FEW,,,4000.00,,
FVJN,2025-01-08 15:00,FEW,,,3500.00,,
FVJN,2025-01-08 16:00,FEW,BKN,,3500.00,30000.00,
FVJN,2025-01-09 04:00,BKN,BKN,,1000.00,8000.00,
FVJN,2025-01-09 05:00,BKN,OVC,,600.00,8000.00,
FVJN,2025-01-09 06:00,BKN,BKN,,600.00,8000.00,
FVJN,2025-01-09 07:00,SCT,BKN,,600.00,8000.00,
FVJN,2025-01-09 08:00,FEW,BKN,,1000.00,8000.00,
FVJN,2025-01-09 09:00,FEW,BKN,,2000.00,8000.00,
FVJN,2025-01-09 10:00,FEW,SCT,BKN,2000.00,2500.00,8000.00
FVJN,2025-01-09 11:00,FEW,SCT,BKN,2000.00,2500.00,8000.00
FVJN,2025-01-09 14:00,FEW,BKN,BKN,2000.00,8000.00,30000.00
FVJN,2025-01-09 15:00,FEW,SCT,BKN,2000.00,2500.00,30000.00
FVJN,2025-01-10 05:00,FEW,SCT,BKN,1000.00,9000.00,30000.00
FVJN,2025-01-10 06:00,FEW,BKN,,1000.00,30000.00,
FVJN,2025-01-10 07:00,BKN,,,1200.00,,
FVJN,2025-01-10 09:00,BKN,,,3000.00,,
FVJN,2025-01-10 10:00,BKN,,,3500.00,,
FVJN,2025-01-11 07:00,BKN,BKN,,800.00,8000.00,
FVJN,2025-01-11 08:00,SCT,BKN,,1500.00,1700.00,
FVJN,2025-01-12 03:00,,,,,,
FVJN,2025-01-12 04:00,,,,,,
FVJN,2025-01-12 05:00,,,,,,
FVJN,2025-01-12 06:00,,,,,,
FVJN,2025-01-12 09:00,SCT,BKN,,4200.00,35000.00,
FVJN,2025-01-12 10:00,SCT,BKN,,4500.00,35000.00,
FVJN,2025-01-12 11:00,,,,,,
FVJN,2025-01-12 12:00,,,,,,
FVJN,2025-01-12 14:00,,,,,,
FVJN,2025-01-12 15:00,,,,,,
FVJN,2025-01-13 03:00,,,,,,
FVJN,2025-01-13 04:00,,,,,,
FVJN,2025-01-13 06:00,FEW,SCT,BKN,2500.00,3000.00,8000.00
FVJN,2025-01-13 07:00,FEW,BKN,,2500.00,8000.00,
FVJN,2025-01-13 09:00,BKN,BKN,,2000.00,30000.00,
FVJN,2025-01-13 10:00,FEW,BKN,BKN,2000.00,2500.00,30000.00
FVJN,2025-01-13 12:00,FEW,SCT,BKN,2000.00,2500.00,8000.00
FVJN,2025-01-13 13:00,FEW,BKN,,2000.00,8000.00,
FVJN,2025-01-13 14:00,FEW,BKN,,2000.00,8000.00,
FVJN,2025-01-13 16:00,FEW,BKN,,2000.00,8000.00,
FVJN,2025-01-14 03:00,BKN,OVC,,500.00,8000.00,
FVJN,2025-01-14 04:00,BKN,BKN,,600.00,8000.00,
FVJN,2025-01-14 05:00,SCT,BKN,,800.00,8000.00,
FVJN,2025-01-14 08:00,FEW,BKN,,2000.00,8000.00,
FVJN,2025-01-14 09:00,BKN,BKN,,3000.00,9000.00,
FVJN,2025-01-14 11:00,FEW,SCT,BKN,3000.00,3500.00,9000.00
FVJN,2025-01-14 13:00,FEW,SCT,BKN,3000.00,3500.00,9000.00
FVJN,2025-01-14 14:00,FEW,SCT,BKN,3000.00,3500.00,9000.00
FVJN,2025-01-14 15:00,FEW,SCT,BKN,3000.00,9000.00,30000.00
FVJN,2025-01-15 03:00,,,,,,
FVJN,2025-01-15 04:00,,,,,,
FVJN,2025-01-15 05:00,,,,,,
FVJN,2025-01-15 06:00,,,,,,
FVJN,2025-01-15 07:00,,,,,,
FVJN,2025-01-15 08:00,SCT,BKN,,3000.00,30000.00,
FVJN,2025-01-15 09:00,SCT,BKN,,3000.00,30000.00,
FVJN,2025-01-15 10:00,SCT,SCT,,3000.00,30000.00,
FVJN,2025-01-16 09:00,FEW,BKN,,1000.00,1800.00,
FVJN,2025-01-16 10:00,BKN,BKN,,2500.00,10000.00,
FVJN,2025-01-16 12:00,FEW,BKN,,2000.00,2500.00,
FVJN,2025-01-16 13:00,FEW,FEW,BKN,1000.00,2000.00,8000.00
FVJN,2025-01-16 15:00,FEW,BKN,,2000.00,35000.00,
FVJN,2025-01-16 16:00,FEW,SCT,BKN,2500.00,9000.00,35000.00
FVJN,2025-01-17 03:00,BKN,BKN,,800.00,8000.00,
FVJN,2025-01-17 04:00,BKN,,,800.00,,
FVJN,2025-01-17 05:00,BKN,,,800.00,,
FVJN,2025-01-17 06:00,BKN,,,800.00,,
FVJN,2025-01-17 07:00,BKN,,,800.00,,
FVJN,2025-01-17 08:00,SCT,BKN,,300.00,800.00,
FVJN,2025-01-17 09:00,BKN,BKN,,1000.00,8000.00,
FVJN,2025-01-17 11:00,BKN,BKN,,1000.00,8000.00,
FVJN,2025-01-17 12:00,BKN,BKN,,1000.00,8000.00,
FVJN,2025-01-17 13:00,BKN,BKN,,1000.00,8000.00,
FVJN,2025-01-17 14:00,BKN,BKN,,500.00,8000.00,
FVJN,2025-01-17 15:00,BKN,BKN,,500.00,8000.00,
FVJN,2025-01-17 16:00,BKN,,,500.00,,
FVJN,2025-01-18 04:00,BKN,,,500.00,,
FVJN,2025-01-18 06:00,OVC,,,800.00,,
FVJN,2025-01-18 07:00,BKN,,,1000.00,,
FVJN,2025-01-18 08:00,OVC,,,1200.00,,
FVJN,2025-01-18 09:00,BKN,,,2000.00,,
FVJN,2025-01-18 10:00,SCT,BKN,,2000.00,2500.00,
FVJN,2025-01-18 12:00,SCT,BKN,,2000.00,2500.00,
FVJN,2025-01-18 13:00,SCT,,,2000.00,,
FVJN,2025-01-18 14:00,SCT,BKN,,2500.00,9000.00,
FVJN,2025-01-18 15:00,SCT,BKN,,2500.00,9000.00,
FVJN,2025-01-18 16:00,SCT,BKN,,2000.00,9000.00,
FVJN,2025-01-19 04:00,,,,,,
FVJN,2025-01-19 05:00,,,,,,
FVJN,2025-01-19 06:00,,,,,,
FVJN,2025-01-19 07:00,FEW,SCT,,1000.00,9000.00,
FVJN,2025-01-19 08:00,FEW,SCT,,1500.00,9000.00,
FVJN,2025-01-19 09:00,FEW,BKN,,2000.00,30000.00,
FVJN,2025-01-19 11:00,FEW,BKN,,2000.00,2500.00,
FVJN,2025-01-19 12:00,FEW,BKN,,2000.00,2500.00,
FVJN,2025-01-19 13:00,FEW,BKN,,2000.00,2500.00,
FVJN,2025-01-19 14:00,FEW,BKN,,2000.00,2500.00,
FVJN,2025-01-20 03:00,,,,,,
FVJN,2025-01-20 04:00,FEW,SCT,BKN,2000.00,9000.00,35000.00
FVJN,2025-01-20 05:00,FEW,BKN,,,35000.00,
FVJN,2025-01-20 06:00,BKN,BKN,,800.00,35000.00,
FVJN,2025-01-21 08:00,SCT,BKN,BKN,500.00,1000.00,8000.00
FVJN,2025-01-21 09:00,FEW,BKN,,500.00,1000.00,
FVJN,2025-01-21 10:00,BKN,,,1500.00,,
FVJN,2025-01-21 12:00,FEW,BKN,,2000.00,2500.00,
FVJN,2025-01-21 13:00,FEW,BKN,,2000.00,2500.00,
FVJN,2025-01-21 14:00,FEW,SCT,,2000.00,2500.00,
FVJN,2025-01-21 15:00,FEW,SCT,,2000.00,2500.00,
FVJN,2025-01-21 16:00,FEW,,,2000.00,,
FVJN,2025-01-22 03:00,BKN,,,800.00,,
FVJN,2025-01-22 04:00,FEW,SCT,,800.00,30000.00,
FVJN,2025-01-22 05:00,FEW,,,800.00,,
FVJN,2025-01-22 06:00,SCT,,,1200.00,,
FVJN,2025-01-22 07:00,SCT,,,2000.00,,
FVJN,2025-01-22 08:00,SCT,,,3000.00,,
FVJN,2025-01-22 12:00,SCT,BKN,,2000.00,2500.00,
FVJN,2025-01-22 14:00,SCT,BKN,,2000.00,2500.00,
FVJN,2025-01-22 15:00,FEW,SCT,,2000.00,9000.00,
FVJN,2025-01-23 05:00,BKN,,,500.00,,
FVJN,2025-01-23 08:00,BKN,,,1000.00,,
FVJN,2025-01-23 09:00,BKN,SCT,,1500.00,3000.00,
FVJN,2025-01-23 10:00,BKN,SCT,,2000.00,3000.00,
FVJN,2025-01-23 12:00,SCT,BKN,,2000.00,3000.00,
FVJN,2025-01-23 13:00,SCT,SCT,,2000.00,3000.00,
FVJN,2025-01-23 14:00,BKN,,,3500.00,,
FVJN,2025-01-23 15:00,SCT,,,4000.00,,
FVJN,2025-01-23 16:00,SCT,,,4000.00,,
FVJN,2025-01-24 03:00,,,,,,
FVJN,2025-01-24 06:00,BKN,,,1000.00,,
FVJN,2025-01-24 09:00,FEW,,,3500.00,,
FVJN,2025-01-24 10:00,FEW,,,4000.00,,
FVJN,2025-01-24 12:00,,,,,,
FVJN,2025-01-24 13:00,,,,,,
FVJN,2025-01-24 15:00,,,,,,
FVJN,2025-01-25 03:00,FEW,,,1000.00,,
FVJN,2025-01-25 04:00,FEW,,,1000.00,,
FVJN,2025-01-25 05:00,FEW,,,1000.00,,
FVJN,2025-01-25 06:00,SCT,,,1200.00,,
FVJN,2025-01-26 06:00,BKN,,,800.00,,
FVJN,2025-01-26 08:00,BKN,,,2500.00,,
FVJN,2025-01-26 09:00,BKN,,,3000.00,,
FVJN,2025-01-26 10:00,BKN,,,3000.00,,
FVJN,2025-01-26 11:00,SCT,,,3500.00,,
FVJN,2025-01-26 12:00,SCT,,,4000.00,,
FVJN,2025-01-26 13:00,SCT,,,4500.00,,
FVJN,2025-01-26 14:00,,,,,,
FVJN,2025-01-26 15:00,,,,,,
FVJN,2025-01-26 16:00,,,,,,
FVJN,2025-02-07 14:00,,,,,,
FVJN,2025-02-07 15:00,,,,,,
FVJN,2025-02-07 16:00,,,,,,
FVJN,2025-02-08 04:00,,,,,,
FVJN,2025-02-08 05:00,FEW,,,1500.00,,
FVJN,2025-02-08 06:00,FEW,,,2000.00,,
FVJN,2025-02-08 07:00,FEW,,,2500.00,,
FVJN,2025-02-08 08:00,FEW,,,3000.00,,
FVJN,2025-02-08 11:00,,,,,,
FVJN,2025-02-08 12:00,,,,,,
FVJN,2025-02-08 13:00,,,,,,
FVJN,2025-02-08 14:00,,,,,,
FVJN,2025-02-08 15:00,FEW,,,7000.00,,
FVJN,2025-02-08 16:00,,,,,,
FVJN,2025-02-09 04:00,,,,,,
FVJN,2025-02-09 05:00,FEW,BKN,,1000.00,10000.00,
FVJN,2025-02-09 06:00,FEW,BKN,,1000.00,8000.00,
FVJN,2025-02-09 08:00,BKN,,,1000.00,,
FVJN,2025-02-09 09:00,BKN,,,1200.00,,
FVJN,2025-02-09 10:00,BKN,,,1200.00,,
FVJN,2025-02-09 11:00,BKN,,,1000.00,,
FVJN,2025-02-09 12:00,BKN,,,1000.00,,
FVJN,2025-02-09 14:00,FEW,BKN,,600.00,1000.00,
FVJN,2025-02-09 15:00,SCT,BKN,,1000.00,2000.00,
FVJN,2025-02-09 16:00,SCT,BKN,,1000.00,2000.00,
FVJN,2025-02-10 04:00,BKN,,,500.00,,
FVJN,2025-02-10 05:00,OVC,,,500.00,,
FVJN,2025-02-10 10:00,SCT,,,3500.00,,
FVJN,2025-02-10 14:00,FEW,SCT,,4000.00,9000.00,
FVJN,2025-02-10 15:00,FEW,SCT,,3000.00,9000.00,
FVJN,2025-02-11 07:00,BKN,BKN,,800.00,9000.00,
FVJN,2025-02-11 09:00,SCT,SCT,,2500.00,10000.00,
FVJN,2025-02-11 12:00,BKN,,,3000.00,,
FVJN,2025-02-11 13:00,FEW,SCT,,2500.00,3000.00,
FVJN,2025-02-11 15:00,FEW,BKN,,2000.00,8000.00,
FVJN,2025-02-12 04:00,FEW,BKN,,1000.00,8000.00,
FVJN,2025-02-12 05:00,FEW,BKN,,1000.00,8000.00,
FVJN,2025-02-12 06:00,FEW,SCT,BKN,1000.00,8000.00,30000.00
FVJN,2025-02-12 07:00,SCT,SCT,,800.00,8000.00,
FVJN,2025-02-12 09:00,BKN,,,2000.00,,
FVJN,2025-02-12 11:00,FEW,BKN,,2000.00,2500.00,
FVJN,2025-02-12 12:00,FEW,BKN,,2000.00,2500.00,
FVJN,2025-02-12 13:00,FEW,SCT,BKN,2000.00,2500.00,8000.00
FVJN,2025-02-12 15:00,FEW,BKN,,2000.00,8000.00,
FVJN,2025-02-12 16:00,FEW,BKN,,2000.00,8000.00,
FVJN,2025-02-13 03:00,BKN,,,8000.00,,
FVJN,2025-02-13 05:00,BKN,,,8000.00,,
FVJN,2025-02-13 06:00,FEW,BKN,,900.00,8000.00,
FVJN,2025-02-13 07:00,FEW,BKN,,1000.00,8000.00,
FVJN,2025-02-13 08:00,BKN,BKN,,1500.00,8000.00,
FVJN,2025-02-13 09:00,BKN,,,2000.00,,
FVJN,2025-02-13 10:00,BKN,,,2000.00,,
FVJN,2025-02-14 04:00,BKN,FEW,,600.00,1000.00,
FVJN,2025-02-14 06:00,BKN,BKN,,800.00,10000.00,
FVJN,2025-02-14 09:00,SCT,SCT,,2400.00,30000.00,
FVJN,2025-02-14 11:00,FEW,SCT,,3000.00,30000.00,
FVJN,2025-02-14 12:00,FEW,BKN,,2500.00,9000.00,
FVJN,2025-02-14 15:00,FEW,OVC,,1000.00,9000.00,
FVJN,2025-02-15 03:00,FEW,BKN,,800.00,9000.00,
FVJN,2025-02-15 04:00,,,,,,
FVJN,2025-02-15 05:00,,,,,,
FVJN,2025-02-15 06:00,SCT,BKN,,500.00,9000.00,
FVJN,2025-02-16 08:00,BKN,,,1600.00,,
FVJN,2025-02-16 09:00,BKN,,,2000.00,,
FVJN,2025-02-16 10:00,BKN,,,2500.00,,
FVJN,2025-02-16 12:00,FEW,BKN,,2000.00,2500.00,
FVJN,2025-02-16 13:00,FEW,SCT,,2000.00,2500.00,
FVJN,2025-02-16 14:00,FEW,SCT,,2000.00,2500.00,
FVJN,2025-02-16 15:00,FEW,SCT,BKN,2000.00,2500.00,8000.00
FVJN,2025-02-16 16:00,FEW,SCT,BKN,2000.00,3000.00,8000.00
FVJN,2025-02-17 03:00,,,,,,
FVJN,2025-02-17 04:00,FEW,BKN,,600.00,7000.00,
FVJN,2025-02-17 06:00,FEW,BKN,,800.00,7000.00,
FVJN,2025-02-17 10:00,BKN,,,2000.00,,
FVJN,2025-02-17 12:00,SCT,,,3200.00,,
FVJN,2025-02-17 14:00,FEW,BKN,,3000.00,30000.00,
FVJN,2025-02-17 15:00,FEW,BKN,,3000.00,30000.00,
FVJN,2025-02-17 16:00,FEW,BKN,,3000.00,30000.00,
FVJN,2025-02-18 04:00,SCT,FEW,BKN,800.00,2500.00,8000.00
FVJN,2025-02-18 05:00,SCT,FEW,BKN,800.00,2500.00,8000.00
FVJN,2025-02-18 06:00,FEW,BKN,,800.00,8000.00,
FVJN,2025-02-19 08:00,SCT,BKN,,1500.00,30000.00,
FVJN,2025-02-19 09:00,BKN,BKN,,2500.00,30000.00,
FVJN,2025-02-19 10:00,BKN,BKN,,3000.00,30000.00,
FVJN,2025-02-19 11:00,BKN,BKN,,3500.00,30000.00,
FVJN,2025-02-19 13:00,FEW,SCT,BKN,3000.00,3500.00,8000.00
FVJN,2025-02-19 14:00,FEW,BKN,,3000.00,8000.00,
FVJN,2025-02-19 17:00,FEW,BKN,,3000.00,8000.00,
FVJN,2025-02-20 04:00,OVC,,,7000.00,,
FVJN,2025-02-20 05:00,BKN,BKN,,700.00,7000.00,
FVJN,2025-02-20 07:00,BKN,BKN,,700.00,7000.00,
FVJN,2025-02-20 09:00,BKN,BKN,,600.00,7000.00,
FVJN,2025-02-20 12:00,FEW,BKN,,2000.00,35000.00,
FVJN,2025-02-20 13:00,FEW,BKN,,2000.00,35000.00,
FVJN,2025-02-20 15:00,SCT,BKN,,2500.00,40000.00,
FVJN,2025-02-20 17:00,FEW,SCT,BKN,2000.00,2500.00,35000.00
FVJN,2025-02-20 18:00,FEW,SCT,BKN,2000.00,2500.00,40000.00
FVJN,2025-02-21 04:00,BKN,,,600.00,,
FVJN,2025-02-21 05:00,BKN,,,600.00,,
FVJN,2025-02-21 06:00,BKN,,,600.00,,
FVJN,2025-02-21 07:00,BKN,,,1000.00,,
FVJN,2025-02-21 08:00,BKN,,,800.00,,
FVJN,2025-02-21 09:00,BKN,,,800.00,,
FVJN,2025-02-21 10:00,BKN,,,1000.00,,
FVJN,2025-02-21 11:00,BKN,,,1600.00,,
FVJN,2025-02-21 12:00,BKN,,,2000.00,,
FVJN,2025-02-21 13:00,BKN,,,2000.00,,
FVJN,2025-02-21 15:00,SCT,SCT,,2000.00,30000.00,
FVJN,2025-02-21 16:00,FEW,BKN,,2000.00,30000.00,
FVJN,2025-02-22 03:00,FEW,,,800.00,,
FVJN,2025-02-22 04:00,FEW,,,800.00,,
FVJN,2025-02-22 05:00,BKN,,,800.00,,
FVJN,2025-02-22 06:00,BKN,,,1000.00,,
FVJN,2025-02-22 09:00,BKN,,,3000.00,,
FVJN,2025-02-22 10:00,SCT,,,3500.00,,
FVJN,2025-02-22 11:00,SCT,,,3500.00,,
FVJN,2025-02-22 12:00,SCT,,,4000.00,,
FVJN,2025-02-22 13:00,SCT,,,4000.00,,
FVJN,2025-02-22 14:00,SCT,,,4000.00,,
FVJN,2025-02-22 15:00,SCT,,,4000.00,,
FVJN,2025-02-22 16:00,FEW,SCT,,3000.00,4000.00,
FVJN,2025-02-23 04:00,,,,,,
FVJN,2025-02-23 05:00,,,,,,
FVJN,2025-02-23 06:00,BKN,,,600.00,,
FVJN,2025-02-23 07:00,BKN,,,800.00,,
FVJN,2025-02-23 08:00,SCT,,,1600.00,,
FVJN,2025-02-23 09:00,SCT,BKN,,2000.00,30000.00,
FVJN,2025-02-23 12:00,SCT,SCT,,3500.00,30000.00,
FVJN,2025-02-23 13:00,SCT,SCT,,3500.00,30000.00,
FVJN,2025-02-23 14:00,SCT,SCT,,3500.00,30000.00,
FVJN,2025-02-23 15:00,FEW,,,3500.00,,
FVJN,2025-02-23 16:00,FEW,,,3500.00,,
FVJN,2025-02-24 03:00,,,,,,
FVJN,2025-02-24 04:00,,,,,,
FVJN,2025-02-24 05:00,,,,,,
FVJN,2025-02-24 13:00,SCT,,,2500.00,,
FVJN,2025-02-24 14:00,SCT,,,3000.00,,
FVJN,2025-02-24 15:00,FEW,,,3000.00,,
FVJN,2025-02-24 16:00,FEW,,,3000.00,,
FVJN,2025-02-25 03:00,FEW,BKN,,500.00,30000.00,
FVJN,2025-02-25 05:00,BKN,,,800.00,,
FVJN,2025-02-25 08:00,BKN,,,2500.00,,
FVJN,2025-02-25 09:00,BKN,,,3000.00,,
FVJN,2025-02-25 10:00,BKN,,,3500.00,,
FVJN,2025-02-25 11:00,SCT,,,4000.00,,
FVJN,2025-02-25 12:00,SCT,,,4000.00,,
FVJN,2025-02-25 13:00,FEW,SCT,,4000.00,8000.00,
FVJN,2025-02-26 06:00,SCT,,,800.00,,
FVJN,2025-02-26 09:00,BKN,,,2000.00,,
FVJN,2025-02-26 10:00,BKN,,,3000.00,,
FVJN,2025-02-26 12:00,SCT,,,3500.00,,
FVJN,2025-02-26 13:00,SCT,,,3500.00,,
FVJN,2025-02-26 15:00,FEW,,,3500.00,,
FVJN,2025-02-26 16:00,FEW,,,3500.00,,
FVJN,2025-02-27 03:00,SCT,,,800.00,,
FVJN,2025-02-27 04:00,BKN,,,800.00,,
FVJN,2025-02-27 05:00,BKN,,,1000.00,,
FVJN,2025-02-27 06:00,BKN,,,1000.00,,
FVJN,2025-02-27 07:00,SCT,SCT,,1200.00,8000.00,
FVJN,2025-02-27 08:00,FEW,BKN,,2000.00,30000.00,
FVJN,2025-02-27 09:00,SCT,BKN,,3000.00,30000.00,
FVJN,2025-02-27 11:00,BKN,,,4000.00,,
FVJN,2025-02-27 12:00,BKN,,,5000.00,,
FVJN,2025-02-27 13:00,BKN,,,4500.00,,
FVJN,2025-02-27 14:00,BKN,,,4500.00,,
FVJN,2025-02-27 15:00,SCT,SCT,,4500.00,8000.00,
FVJN,2025-02-27 16:00,FEW,SCT,,4500.00,8000.00,
FVJN,2025-02-28 04:00,,,,,,
FVJN,2025-02-28 05:00,,,,,,
FVJN,2025-02-28 06:00,,,,,,
FVJN,2025-02-28 07:00,SCT,,,3000.00,,
FVJN,2025-02-28 08:00,BKN,,,4000.00,,
FVJN,2025-02-28 10:00,,,,,,
FVJN,2025-02-28 11:00,,,,,,
FVJN,2025-02-28 13:00,FEW,SCT,,4000.00,5000.00,
FVJN,2025-02-28 15:00,,,,,,
FVJN,2025-02-28 16:00,,,,,,
FVJN,2025-03-01 04:00,FEW,,,900.00,,
FVJN,2025-03-01 05:00,BKN,,,900.00,,
FVJN,2025-03-01 06:00,FEW,,,1200.00,,
FVJN,2025-03-01 07:00,FEW,,,2800.00,,
FVJN,2025-03-01 08:00,SCT,,,3000.00,,
FVJN,2025-03-01 09:00,SCT,,,3500.00,,
FVJN,2025-03-01 11:00,SCT,,,4500.00,,
FVJN,2025-03-01 12:00,,,,,,
FVJN,2025-03-01 14:00,,,,,,
FVJN,2025-03-02 03:00,SCT,,,600.00,,
FVJN,2025-03-02 04:00,FEW,,,600.00,,
FVJN,2025-03-02 06:00,FEW,BKN,,1000.00,30000.00,
FVJN,2025-03-02 07:00,BKN,,,1000.00,,
FVJN,2025-03-02 08:00,BKN,,,2000.00,,
FVJN,2025-03-03 08:00,BKN,,,2500.00,,
FVJN,2025-03-03 10:00,SCT,,,4500.00,,
FVJN,2025-03-03 11:00,,,,,,
FVJN,2025-03-03 14:00,,,,,,
FVJN,2025-03-03 15:00,,,,,,
FVJN,2025-03-03 16:00,,,,,,
FVJN,2025-03-05 13:00,,,,,,
FVJN,2025-03-05 14:00,,,,,,
FVJN,2025-03-05 15:00,,,,,,
FVJN,2025-03-05 16:00,,,,,,
FVJN,2025-03-05 17:00,FEW,,,4500.00,,
FVJN,2025-03-06 03:00,,,,,,
FVJN,2025-03-06 04:00,,,,,,
FVJN,2025-03-06 05:00,,,,,,
FVJN,2025-03-06 06:00,,,,,,
FVJN,2025-03-06 07:00,,,,,,
FVJN,2025-03-06 08:00,,,,,,
FVJN,2025-03-06 10:00,,,,,,
FVJN,2025-03-06 11:00,,,,,,
FVJN,2025-03-06 12:00,,,,,,
FVJN,2025-03-06 13:00,,,,,,
FVJN,2025-03-06 16:00,,,,,,
FVJN,2025-03-07 04:00,FEW,,,600.00,,
FVJN,2025-03-07 05:00,,,,,,
FVJN,2025-03-07 06:00,FEW,,,1500.00,,
FVJN,2025-03-08 08:00,BKN,,,2500.00,,
FVJN,2025-03-08 09:00,BKN,,,2500.00,,
FVJN,2025-03-08 10:00,BKN,,,2500.00,,
FVJN,2025-03-08 11:00,BKN,,,2500.00,,
FVJN,2025-03-08 12:00,SCT,,,3500.00,,
FVJN,2025-03-08 13:00,SCT,,,3500.00,,
FVJN,2025-03-08 14:00,BKN,,,3500.00,,
FVJN,2025-03-08 15:00,FEW,BKN,,3500.00,4000.00,
FVJN,2025-03-09 03:00,,,,,,
FVJN,2025-03-09 04:00,,,,,,
FVJN,2025-03-09 05:00,,,,,,
FVJN,2025-03-09 10:00,,,,,,
FVJN,2025-03-09 11:00,SCT,,,4500.00,,
FVJN,2025-03-09 13:00,SCT,,,4500.00,,
FVJN,2025-03-09 15:00,FEW,BKN,,4500.00,8000.00,
FVJN,2025-03-09 16:00,FEW,BKN,,4500.00,8000.00,
FVJN,2025-03-10 03:00,,,,,,
FVJN,2025-03-10 04:00,FEW,,,900.00,,
FVJN,2025-03-10 06:00,BKN,,,1200.00,,
FVJN,2025-03-10 07:00,BKN,,,1000.00,,
FVJN,2025-03-10 08:00,SCT,,,3500.00,,
FVJN,2025-03-10 09:00,SCT,,,3500.00,,
FVJN,2025-03-10 10:00,SCT,,,3800.00,,
FVJN,2025-03-10 12:00,,,,,,
FVJN,2025-03-10 13:00,,,,,,
FVJN,2025-03-10 14:00,,,,,,
FVJN,2025-03-10 15:00,,,,,,
FVJN,2025-03-11 03:00,FEW,,,600.00,,
FVJN,2025-03-11 04:00,BKN,,,600.00,,
FVJN,2025-03-11 05:00,BKN,,,800.00,,
FVJN,2025-03-11 06:00,BKN,,,1000.00,,
FVJN,2025-03-11 07:00,BKN,,,1000.00,,
FVJN,2025-03-11 08:00,BKN,,,1000.00,,
FVJN,2025-03-11 09:00,BKN,,,1600.00,,
FVJN,2025-03-11 10:00,BKN,,,1600.00,,
FVJN,2025-03-11 12:00,BKN,,,1600.00,,
FVJN,2025-03-11 13:00,BKN,,,2000.00,,
FVJN,2025-03-11 14:00,BKN,,,2000.00,,
FVJN,2025-03-11 15:00,BKN,,,2000.00,,
FVJN,2025-03-11 16:00,BKN,,,2000.00,,
FVJN,2025-03-12 04:00,OVC,,,500.00,,
FVJN,2025-03-12 05:00,OVC,,,500.00,,
FVJN,2025-03-12 06:00,BKN,,,800.00,,
FVJN,2025-03-12 07:00,BKN,,,1000.00,,
FVJN,2025-03-12 10:00,OVC,,,1500.00,,
FVJN,2025-03-12 12:00,OVC,,,2000.00,,
FVJN,2025-03-12 13:00,OVC,,,2000.00,,
FVJN,2025-03-12 14:00,BKN,,,2000.00,,
FVJN,2025-03-12 15:00,BKN,,,1700.00,,
FVJN,2025-03-12 16:00,BKN,,,1500.00,,
FVJN,2025-03-13 03:00,FEW,,,500.00,,
FVJN,2025-03-13 04:00,SCT,,,500.00,,
FVJN,2025-03-13 08:00,BKN,,,1500.00,,
FVJN,2025-03-16 08:00,BKN,,,900.00,,
FVJN,2025-03-16 09:00,OVC,,,900.00,,
FVJN,2025-03-16 10:00,OVC,,,1200.00,,
FVJN,2025-03-16 11:00,OVC,,,1800.00,,
FVJN,2025-03-16 15:00,FEW,,,3000.00,,
FVJN,2025-03-16 16:00,FEW,,,4000.00,,
FVJN,2025-03-17 03:00,FEW,,,600.00,,
FVJN,2025-03-17 04:00,BKN,,,600.00,,
FVJN,2025-03-17 05:00,BKN,,,600.00,,
FVJN,2025-03-18 07:00,FEW,,,1500.00,,
FVJN,2025-03-18 08:00,FEW,,,2500.00,,
FVJN,2025-03-18 09:00,FEW,,,4500.00,,
FVJN,2025-03-18 10:00,,,,,,
FVJN,2025-03-18 11:00,,,,,,
FVJN,2025-03-18 12:00,,,,,,
FVJN,2025-03-18 13:00,,,,,,
FVJN,2025-03-18 14:00,,,,,,
FVJN,2025-03-18 15:00,,,,,,
FVJN,2025-03-18 16:00,,,,,,
FVJN,2025-03-19 03:00,,,,,,
FVJN,2025-03-19 04:00,SCT,,,400.00,,
FVJN,2025-03-19 06:00,SCT,,,600.00,,
FVJN,2025-03-20 08:00,SCT,,,2500.00,,
FVJN,2025-03-20 09:00,BKN,,,3000.00,,
FVJN,2025-03-20 10:00,BKN,,,3500.00,,
FVJN,2025-03-20 11:00,BKN,,,3500.00,,
FVJN,2025-03-20 12:00,SCT,,,3500.00,,
FVJN,2025-03-20 13:00,SCT,,,3500.00,,
FVJN,2025-03-20 14:00,SCT,,,3500.00,,
FVJN,2025-03-20 15:00,SCT,,,3500.00,,
FVJN,2025-03-21 04:00,,,,,,
FVJN,2025-03-21 05:00,,,,,,
FVJN,2025-03-21 06:00,,,,,,
FVJN,2025-03-21 07:00,,,,,,
FVJN,2025-03-21 08:00,,,,,,
FVJN,2025-03-21 09:00,,,,,,
FVJN,2025-03-21 10:00,,,,,,
FVJN,2025-03-21 11:00,,,,,,
FVJN,2025-03-21 12:00,,,,,,
FVJN,2025-03-21 13:00,,,,,,
FVJN,2025-03-21 14:00,,,,,,
FVJN,2025-03-21 15:00,,,,,,
FVJN,2025-03-21 16:00,,,,,,
FVJN,2025-03-22 04:00,,,,,,
FVJN,2025-03-22 05:00,,,,,,
FVJN,2025-03-22 06:00,,,,,,
FVJN,2025-03-22 07:00,,,,,,
FVJN,2025-03-22 08:00,,,,,,
FVJN,2025-03-22 09:00,,,,,,
FVJN,2025-03-22 10:00,,,,,,
FVJN,2025-03-22 12:00,,,,,,
FVJN,2025-03-22 13:00,,,,,,
FVJN,2025-03-22 14:00,,,,,,
FVJN,2025-03-22 15:00,,,,,,
FVJN,2025-03-22 16:00,,,,,,
FVJN,2025-03-23 03:00,,,,,,
FVJN,2025-03-23 04:00,,,,,,
FVJN,2025-03-23 07:00,,,,,,
FVJN,2025-03-23 08:00,,,,,,
FVJN,2025-03-23 09:00,,,,,,
FVJN,2025-03-23 10:00,,,,,,
FVJN,2025-03-23 12:00,,,,,,
FVJN,2025-03-23 13:00,,,,,,
FVJN,2025-03-23 14:00,,,,,,
FVJN,2025-03-24 03:00,,,,,,
FVJN,2025-03-24 04:00,,,,,,
FVJN,2025-03-24 05:00,,,,,,
FVJN,2025-03-24 06:00,,,,,,
FVJN,2025-03-24 07:00,,,,,,
FVJN,2025-03-24 08:00,,,,,,
FVJN,2025-03-24 09:00,,,,,,
FVJN,2025-03-24 10:00,,,,,,
FVJN,2025-03-24 11:00,,,,,,
FVJN,2025-03-24 12:00,,,,,,
FVJN,2025-03-24 13:00,,,,,,
FVJN,2025-03-24 14:00,,,,,,
FVJN,2025-03-24 15:00,,,,,,
FVJN,2025-03-25 04:00,,,,,,
FVJN,2025-03-25 05:00,,,,,,
FVJN,2025-03-25 06:00,,,,,,
FVJN,2025-03-25 07:00,FEW,,,4000.00,,
FVJN,2025-03-27 04:00,,,,,,
FVJN,2025-03-27 05:00,,,,,,
FVJN,2025-03-27 06:00,,,,,,
FVJN,2025-03-27 07:00,,,,,,
FVJN,2025-03-27 08:00,,,,,,
FVJN,2025-03-27 09:00,,,,,,
FVJN,2025-03-27 10:00,,,,,,
FVJN,2025-03-27 11:00,,,,,,
FVJN,2025-03-28 05:00,FEW,,,2000.00,,
FVJN,2025-03-28 06:00,FEW,,,1800.00,,
FVJN,2025-03-28 08:00,SCT,,,2800.00,,
FVJN,2025-03-28 09:00,SCT,,,3500.00,,
FVJN,2025-03-28 10:00,SCT,,,4500.00,,
FVJN,2025-03-28 12:00,,,,,,
FVJN,2025-03-28 13:00,,,,,,
FVJN,2025-03-28 14:00,,,,,,
FVJN,2025-03-28 15:00,,,,,,
FVJN,2025-03-28 16:00,,,,,,
FVJN,2025-03-29 03:00,,,,,,
FVJN,2025-03-29 04:00,FEW,,,1000.00,,
FVJN,2025-03-29 05:00,,,,,,
FVJN,2025-03-29 06:00,FEW,,,2000.00,,
FVJN,2025-03-29 07:00,FEW,,,3000.00,,
FVJN,2025-03-29 08:00,FEW,,,3500.00,,
FVJN,2025-03-29 09:00,BKN,,,3500.00,,
FVJN,2025-03-29 10:00,BKN,,,3500.00,,
FVJN,2025-03-29 11:00,BKN,,,4000.00,,
FVJN,2025-03-29 12:00,,,,,,
FVJN,2025-03-29 14:00,,,,,,
FVJN,2025-03-29 15:00,,,,,,
FVJN,2025-03-29 16:00,,,,,,
FVJN,2025-03-30 03:00,,,,,,
FVJN,2025-03-30 04:00,,,,,,
FVJN,2025-03-30 05:00,,,,,,
FVJN,2025-03-30 06:00,,,,,,
FVJN,2025-03-30 07:00,,,,,,
FVJN,2025-03-30 08:00,,,,,,
FVJN,2025-03-30 09:00,,,,,,
FVJN,2025-03-30 10:00,,,,,,
FVJN,2025-03-30 11:00,,,,,,
FVJN,2025-03-30 12:00,,,,,,
FVJN,2025-03-30 13:00,,,,,,
FVJN,2025-03-30 14:00,,,,,,
FVJN,2025-03-30 16:00,FEW,,,5000.00,,
FVJN,2025-03-31 03:00,,,,,,
FVJN,2025-03-31 04:00,,,,,,
FVJN,2025-04-01 07:00,FEW,,,3000.00,,
FVJN,2025-04-01 08:00,FEW,,,4000.00,,
FVJN,2025-04-01 09:00,SCT,,,4500.00,,
FVJN,2025-04-01 10:00,,,,,,
FVJN,2025-04-01 11:00,,,,,,
FVJN,2025-04-01 12:00,,,,,,
FVJN,2025-04-01 13:00,,,,,,
FVJN,2025-04-01 14:00,,,,,,
FVJN,2025-04-01 15:00,,,,,,
FVJN,2025-04-01 17:00,,,,,,
FVJN,2025-04-02 03:00,,,,,,
FVJN,2025-04-02 04:00,,,,,,
FVJN,2025-04-02 05:00,,,,,,
FVJN,2025-04-02 06:00,,,,,,
FVJN,2025-04-02 07:00,,,,,,
FVJN,2025-04-02 09:00,,,,,,
FVJN,2025-04-02 10:00,,,,,,
FVJN,2025-04-02 11:00,,,,,,
FVJN,2025-04-02 12:00,,,,,,
FVJN,2025-04-02 13:00,,,,,,
FVJN,2025-04-02 14:00,,,,,,
FVJN,2025-04-02 15:00,,,,,,
FVJN,2025-04-02 16:00,,,,,,
FVJN,2025-04-03 03:00,,,,,,
FVJN,2025-04-03 04:00,,,,,,
FVJN,2025-04-03 05:00,,,,,,
FVJN,2025-04-03 06:00,,,,,,
FVJN,2025-04-03 07:00,,,,,,
FVJN,2025-04-03 08:00,,,,,,
FVJN,2025-04-03 09:00,FEW,,,4500.00,,
FVJN,2025-04-03 10:00,SCT,,,4500.00,,
FVJN,2025-04-03 11:00,,,,,,
FVJN,2025-04-03 12:00,,,,,,
FVJN,2025-04-03 13:00,,,,,,
FVJN,2025-04-03 14:00,,,,,,
FVJN,2025-04-03 15:00,,,,,,
FVJN,2025-04-04 03:00,,,,,,
FVJN,2025-04-04 04:00,FEW,,,1000.00,,
FVJN,2025-04-04 06:00,BKN,,,800.00,,
FVJN,2025-04-04 08:00,BKN,,,1000.00,,
FVJN,2025-04-04 09:00,BKN,,,2500.00,,
FVJN,2025-04-04 10:00,BKN,,,2500.00,,
FVJN,2025-04-04 12:00,BKN,,,4000.00,,
FVJN,2025-04-04 13:00,BKN,,,4000.00,,
FVJN,2025-04-04 14:00,BKN,,,4000.00,,
FVJN,2025-04-04 15:00,,,,,,
FVJN,2025-04-04 16:00,,,,,,
FVJN,2025-04-05 03:00,FEW,,,800.00,,
FVJN,2025-04-05 04:00,FEW,SCT,,800.00,30000.00,
FVJN,2025-04-05 05:00,FEW,SCT,,1000.00,30000.00,
FVJN,2025-04-05 06:00,FEW,SCT,,1000.00,30000.00,
FVJN,2025-04-05 07:00,FEW,SCT,,2000.00,30000.00,
FVJN,2025-04-05 08:00,SCT,,,3000.00,,
FVJN,2025-04-05 09:00,,,,,,
FVJN,2025-04-05 10:00,,,,,,
FVJN,2025-04-05 11:00,,,,,,
FVJN,2025-04-05 12:00,,,,,,
FVJN,2025-04-05 13:00,,,,,,
FVJN,2025-04-05 14:00,,,,,,
FVJN,2025-04-06 03:00,,,,,,
FVJN,2025-04-06 04:00,,,,,,
FVJN,2025-04-06 05:00,,,,,,
FVJN,2025-04-06 06:00,,,,,,
FVJN,2025-04-06 07:00,,,,,,
FVJN,2025-04-06 10:00,SCT,,,4500.00,,
FVJN,2025-04-07 07:00,,,,,,
FVJN,2025-04-07 10:00,SCT,,,4500.00,,
FVJN,2025-04-07 11:00,SCT,,,4500.00,,
FVJN,2025-04-07 15:00,,,,,,
FVJN,2025-04-08 08:00,,,,,,
FVJN,2025-04-08 09:00,,,,,,
FVJN,2025-04-08 10:00,,,,,,
FVJN,2025-04-08 11:00,,,,,,
FVJN,2025-04-08 12:00,,,,,,
FVJN,2025-04-08 14:00,,,,,,
FVJN,2025-04-08 15:00,,,,,,
FVJN,2025-04-08 16:00,FEW,,,5000.00,,
FVJN,2025-04-09 04:00,,,,,,
FVJN,2025-04-09 05:00,,,,,,
FVJN,2025-04-09 06:00,,,,,,
FVJN,2025-04-09 07:00,,,,,,
FVJN,2025-04-09 09:00,,,,,,
FVJN,2025-04-09 10:00,,,,,,
FVJN,2025-04-09 12:00,SCT,SCT,,6000.00,30000.00,
FVJN,2025-04-09 14:00,FEW,BKN,,3000.00,8000.00,
FVJN,2025-04-09 15:00,FEW,BKN,,3000.00,8000.00,
FVJN,2025-04-09 16:00,OVC,,,7000.00,,
FVJN,2025-04-09 18:00,BKN,,,7000.00,,
FVJN,2025-04-10 03:00,BKN,,,8000.00,,
FVJN,2025-04-10 04:00,,,,,,
FVJN,2025-04-10 06:00,,,,,,
FVJN,2025-04-10 07:00,FEW,BKN,,1500.00,9000.00,
FVJN,2025-04-10 08:00,FEW,BKN,,3000.00,9000.00,
FVJN,2025-04-10 09:00,FEW,BKN,,3500.00,12000.00,
FVJN,2025-04-10 10:00,SCT,SCT,,3500.00,12000.00,
FVJN,2025-04-10 11:00,SCT,BKN,,1200.00,4000.00,
FVJN,2025-04-10 12:00,BKN,,,3500.00,,
FVJN,2025-04-10 14:00,FEW,BKN,,3000.00,3500.00,
FVJN,2025-04-10 15:00,FEW,BKN,,3000.00,7000.00,
FVJN,2025-04-10 16:00,FEW,BKN,,3000.00,30000.00,
FVJN,2025-04-10 18:00,,,,,,
FVJN,2025-04-10 21:00,FEW,SCT,,,8000.00,
FVJN,2025-04-11 03:00,FEW,,,800.00,,
FVJN,2025-04-11 07:00,SCT,,,1500.00,,
FVJN,2025-04-11 08:00,SCT,,,2000.00,,
FVJN,2025-04-11 09:00,SCT,,,4000.00,,
FVJN,2025-04-11 10:00,SCT,,,4000.00,,
FVJN,2025-04-11 11:00,,,,,,
FVJN,2025-04-11 12:00,,,,,,
FVJN,2025-04-11 13:00,,,,,,
FVJN,2025-04-11 15:00,,,,,,
FVJN,2025-04-11 16:00,,,,,,
FVJN,2025-04-12 04:00,SCT,,,800.00,,
FVJN,2025-04-12 05:00,SCT,,,1000.00,,
FVJN,2025-04-12 07:00,SCT,,,2000.00,,
FVJN,2025-04-12 08:00,FEW,,,3000.00,,
FVJN,2025-04-12 09:00,,,,,,
FVJN,2025-04-12 10:00,,,,,,
FVJN,2025-04-12 11:00,,,,,,
FVJN,2025-04-12 12:00,,,,,,
FVJN,2025-04-12 13:00,,,,,,
FVJN,2025-04-12 15:00,,,,,,
FVJN,2025-04-12 16:00,,,,,,
FVJN,2025-04-13 04:00,,,,,,
FVJN,2025-04-13 05:00,,,,,,
FVJN,2025-04-13 06:00,,,,,,
FVJN,2025-04-13 07:00,,,,,,
FVJN,2025-04-13 08:00,,,,,,
FVJN,2025-04-13 09:00,,,,,,
FVJN,2025-04-13 10:00,,,,,,
FVJN,2025-04-13 11:00,,,,,,
FVJN,2025-04-13 12:00,,,,,,
FVJN,2025-04-13 13:00,,,,,,
FVJN,2025-04-13 14:00,,,,,,
FVJN,2025-04-13 15:00,,,,,,
FVJN,2025-04-13 16:00,,,,,,
FVJN,2025-04-14 03:00,,,,,,
FVJN,2025-04-14 04:00,,,,,,
FVJN,2025-04-14 05:00,,,,,,
FVJN,2025-04-14 06:00,,,,,,
FVJN,2025-04-14 07:00,,,,,,
FVJN,2025-04-14 08:00,,,,,,
FVJN,2025-04-14 09:00,,,,,,
FVJN,2025-04-14 10:00,,,,,,
FVJN,2025-04-14 11:00,,,,,,
FVJN,2025-04-14 12:00,,,,,,
FVJN,2025-04-14 13:00,,,,,,
FVJN,2025-04-14 14:00,,,,,,
FVJN,2025-04-14 15:00,,,,,,
FVJN,2025-04-14 16:00,,,,,,
FVJN,2025-04-15 03:00,,,,,,
FVJN,2025-04-15 04:00,,,,,,
FVJN,2025-04-15 05:00,,,,,,
FVJN,2025-04-15 06:00,,,,,,
FVJN,2025-04-15 07:00,,,,,,
FVJN,2025-04-15 08:00,FEW,BKN,,2500.00,10000.00,
FVJN,2025-04-15 09:00,FEW,BKN,,2800.00,10000.00,
FVJN,2025-04-15 10:00,SCT,,,3500.00,,
FVJN,2025-04-15 12:00,FEW,SCT,,3500.00,4500.00,
FVJN,2025-04-15 13:00,FEW,BKN,,3500.00,4000.00,
FVJN,2025-04-16 03:00,,,,,,
FVJN,2025-04-16 05:00,,,,,,
FVJN,2025-04-16 06:00,,,,,,
FVJN,2025-04-16 07:00,FEW,,,1500.00,,
FVJN,2025-04-16 09:00,FEW,,,2500.00,,
FVJN,2025-04-16 11:00,SCT,,,4000.00,,
FVJN,2025-04-16 13:00,FEW,SCT,BKN,4000.00,4500.00,30000.00
FVJN,2025-04-16 14:00,FEW,SCT,BKN,4000.00,4500.00,30000.00
FVJN,2025-04-16 15:00,FEW,SCT,BKN,4000.00,4500.00,8000.00
FVJN,2025-04-16 16:00,FEW,BKN,,4000.00,8000.00,
FVJN,2025-04-16 17:00,FEW,BKN,,4000.00,8000.00,
FVJN,2025-04-17 03:00,,,,,,
FVJN,2025-04-17 04:00,,,,,,
FVJN,2025-04-17 05:00,,,,,,
FVJN,2025-04-17 06:00,,,,,,
FVJN,2025-04-17 07:00,,,,,,
FVJN,2025-04-17 15:00,FEW,SCT,,3500.00,30000.00,
FVJN,2025-04-18 14:00,OVC,BKN,,700.00,7000.00,
FVJN,2025-04-18 15:00,OVC,BKN,,700.00,7000.00,
FVJN,2025-04-19 08:00,OVC,,,900.00,,
FVJN,2025-04-19 09:00,OVC,,,1000.00,,
FVJN,2025-04-19 11:00,OVC,,,1200.00,,
FVJN,2025-04-19 12:00,OVC,,,1200.00,,
FVJN,2025-04-19 13:00,OVC,,,1200.00,,
FVJN,2025-04-19 14:00,OVC,,,1200.00,,
FVJN,2025-04-20 03:00,,,,,,
FVJN,2025-04-20 04:00,BKN,,,8000.00,,
FVJN,2025-04-20 05:00,,,,,,
FVJN,2025-04-20 06:00,FEW,BKN,,600.00,8000.00,
FVJN,2025-04-20 09:00,BKN,,,800.00,,
FVJN,2025-04-22 06:00,,,,,,
FVJN,2025-04-22 09:00,SCT,,,3500.00,,
FVJN,2025-04-22 10:00,SCT,,,4500.00,,
FVJN,2025-04-22 11:00,,,,,,
FVJN,2025-04-22 13:00,,,,,,
FVJN,2025-04-22 14:00,,,,,,
FVJN,2025-04-22 15:00,,,,,,
FVJN,2025-04-22 17:00,,,,,,
FVJN,2025-04-23 03:00,,,,,,
FVJN,2025-04-23 04:00,,,,,,
FVJN,2025-04-23 05:00,,,,,,
FVJN,2025-04-23 06:00,,,,,,
FVJN,2025-04-23 07:00,FEW,BKN,,2500.00,30000.00,
FVJN,2025-04-23 08:00,FEW,BKN,,2500.00,30000.00,
FVJN,2025-04-23 09:00,FEW,BKN,,3000.00,30000.00,
FVJN,2025-04-23 10:00,FEW,BKN,,3000.00,10000.00,
FVJN,2025-04-23 11:00,FEW,BKN,,3500.00,9000.00,
FVJN,2025-04-23 12:00,FEW,BKN,,3500.00,9000.00,
FVJN,2025-04-23 13:00,FEW,BKN,,3500.00,9000.00,
FVJN,2025-04-23 16:00,SCT,BKN,,3000.00,9000.00,
FVJN,2025-04-24 04:00,FEW,BKN,,2000.00,9000.00,
FVJN,2025-04-24 06:00,FEW,OVC,,900.00,9000.00,
FVJN,2025-04-24 07:00,FEW,OVC,,1000.00,6500.00,
FVJN,2025-04-24 08:00,FEW,BKN,,2000.00,6500.00,
FVJN,2025-04-24 09:00,FEW,BKN,,2000.00,7000.00,
FVJN,2025-04-24 10:00,FEW,BKN,,2500.00,9000.00,
FVJN,2025-04-24 12:00,FEW,BKN,,4000.00,10000.00,
FVJN,2025-04-24 13:00,FEW,BKN,,3500.00,10000.00,
FVJN,2025-04-24 14:00,FEW,BKN,,3000.00,8000.00,
FVJN,2025-04-24 15:00,FEW,BKN,,3000.00,8000.00,
FVJN,2025-04-24 16:00,FEW,BKN,,3000.00,8000.00,
FVJN,2025-04-25 04:00,,,,,,
FVJN,2025-04-25 05:00,BKN,,,9000.00,,
FVJN,2025-04-25 06:00,BKN,,,9000.00,,
FVJN,2025-04-25 07:00,BKN,,,9000.00,,
FVJN,2025-04-25 08:00,FEW,BKN,,1000.00,9000.00,
FVJN,2025-04-25 09:00,SCT,BKN,,2000.00,9000.00,
FVJN,2025-04-25 10:00,SCT,BKN,,3000.00,9000.00,
FVJN,2025-04-25 11:00,SCT,BKN,,3500.00,9000.00,
FVJN,2025-04-25 12:00,FEW,BKN,,3000.00,3500.00,
FVJN,2025-04-25 13:00,FEW,SCT,BKN,3000.00,3500.00,30000.00
FVJN,2025-04-25 14:00,FEW,BKN,,3000.00,8000.00,
FVJN,2025-04-25 15:00,FEW,BKN,,3000.00,8000.00,
FVJN,2025-04-25 16:00,FEW,BKN,,3000.00,8000.00,
FVJN,2025-04-25 17:00,FEW,BKN,,3000.00,8000.00,
FVJN,2025-04-25 18:00,FEW,BKN,,3000.00,8000.00,
FVJN,2025-04-25 19:00,FEW,BKN,,3000.00,8000.00,
FVJN,2025-04-26 08:00,BKN,,,1600.00,,
FVJN,2025-04-26 09:00,BKN,,,1600.00,,
FVJN,2025-04-26 10:00,BKN,,,2000.00,,
FVJN,2025-04-26 13:00,SCT,,,3000.00,,
FVJN,2025-04-26 15:00,FEW,SCT,,2500.00,8000.00,
FVJN,2025-04-26 16:00,FEW,SCT,,2500.00,8000.00,
FVJN,2025-04-27 03:00,BKN,,,800.00,,
FVJN,2025-04-27 04:00,BKN,,,800.00,,
FVJN,2025-04-27 05:00,BKN,,,800.00,,
FVJN,2025-04-27 06:00,SCT,BKN,,800.00,8000.00,
FVJN,2025-04-27 07:00,SCT,BKN,,800.00,8000.00,
FVJN,2025-04-27 08:00,SCT,BKN,,800.00,8000.00,
FVJN,2025-04-27 09:00,SCT,BKN,,1000.00,8000.00,
FVJN,2025-04-27 10:00,SCT,BKN,,1500.00,8000.00,
FVJN,2025-04-27 11:00,BKN,BKN,,1600.00,8000.00,
FVJN,2025-04-27 12:00,BKN,BKN,,1600.00,9000.00,
FVJN,2025-04-27 13:00,BKN,BKN,,1600.00,9000.00,
FVJN,2025-04-27 14:00,SCT,BKN,,1600.00,9000.00,
FVJN,2025-04-27 15:00,FEW,BKN,,1600.00,9000.00,
FVJN,2025-04-27 16:00,FEW,BKN,,1600.00,9000.00,
FVJN,2025-04-28 03:00,,,,,,
FVJN,2025-04-28 04:00,,,,,,
FVJN,2025-04-28 05:00,,,,,,
FVJN,2025-04-28 06:00,FEW,,,1800.00,,
FVJN,2025-04-28 08:00,FEW,,,2800.00,,
FVJN,2025-04-28 10:00,SCT,,,3500.00,,
FVJN,2025-04-28 11:00,SCT,,,4000.00,,
FVJN,2025-04-28 12:00,SCT,,,4500.00,,
FVJN,2025-04-28 13:00,SCT,,,4500.00,,
FVJN,2025-04-28 14:00,,,,,,
FVJN,2025-04-28 15:00,,,,,,
FVJN,2025-04-28 16:00,,,,,,
FVJN,2025-04-29 03:00,,,,,,
FVJN,2025-04-29 07:00,BKN,,,2000.00,,
FVJN,2025-04-29 09:00,BKN,,,3000.00,,
FVJN,2025-04-29 13:00,,,,,,
FVJN,2025-04-30 06:00,,,,,,
FVJN,2025-04-30 07:00,,,,,,
FVJN,2025-04-30 08:00,,,,,,
FVJN,2025-04-30 09:00,,,,,,
FVJN,2025-04-30 10:00,,,,,,
FVJN,2025-05-01 08:00,,,,,,
FVJN,2025-05-01 09:00,,,,,,
FVJN,2025-05-01 10:00,,,,,,
FVJN,2025-05-01 11:00,,,,,,
FVJN,2025-05-01 12:00,,,,,,
FVJN,2025-05-01 13:00,,,,,,
FVJN,2025-05-01 14:00,,,,,,
FVJN,2025-05-01 15:00,,,,,,
FVJN,2025-05-02 03:00,,,,,,
FVJN,2025-05-02 04:00,,,,,,
FVJN,2025-05-02 05:00,,,,,,
FVJN,2025-05-02 06:00,,,,,,
FVJN,2025-05-02 07:00,,,,,,
FVJN,2025-05-03 15:00,,,,,,
FVJN,2025-05-04 05:00,BKN,,,1000.00,,
FVJN,2025-05-04 08:00,BKN,,,1600.00,,
FVJN,2025-05-04 09:00,BKN,,,2500.00,,
FVJN,2025-05-04 10:00,BKN,,,2000.00,,
FVJN,2025-05-04 11:00,BKN,,,2000.00,,
FVJN,2025-05-04 12:00,BKN,,,2500.00,,
FVJN,2025-05-04 13:00,BKN,,,2500.00,,
FVJN,2025-05-04 15:00,BKN,,,2500.00,,
FVJN,2025-05-05 03:00,,,,,,
FVJN,2025-05-05 05:00,BKN,,,500.00,,
FVJN,2025-05-05 06:00,BKN,,,800.00,,
FVJN,2025-05-05 08:00,SCT,,,2500.00,,
FVJN,2025-05-05 10:00,FEW,,,4000.00,,
FVJN,2025-05-05 12:00,,,,,,
FVJN,2025-05-05 13:00,,,,,,
FVJN,2025-05-05 14:00,,,,,,
FVJN,2025-05-05 16:00,,,,,,
FVJN,2025-05-06 04:00,,,,,,
FVJN,2025-05-06 05:00,,,,,,
FVJN,2025-05-06 06:00,,,,,,
FVJN,2025-05-06 07:00,,,,,,
FVJN,2025-05-06 08:00,,,,,,
FVJN,2025-05-06 09:00,,,,,,
FVJN,2025-05-06 10:00,,,,,,
FVJN,2025-05-06 11:00,,,,,,
FVJN,2025-05-06 12:00,,,,,,
FVJN,2025-05-06 13:00,,,,,,
FVJN,2025-05-06 14:00,,,,,,
FVJN,2025-05-06 15:00,,,,,,
FVJN,2025-05-06 16:00,,,,,,
FVJN,2025-05-07 04:00,,,,,,
FVJN,2025-05-07 05:00,,,,,,
FVJN,2025-05-07 06:00,,,,,,
FVJN,2025-05-07 07:00,,,,,,
FVJN,2025-05-07 08:00,,,,,,
FVJN,2025-05-07 10:00,,,,,,
FVJN,2025-05-07 12:00,,,,,,
FVJN,2025-05-07 14:00,,,,,,
FVJN,2025-05-07 15:00,,,,,,
FVJN,2025-05-07 16:00,,,,,,
FVJN,2025-05-08 03:00,,,,,,
FVJN,2025-05-08 04:00,,,,,,
FVJN,2025-05-08 05:00,,,,,,
FVJN,2025-05-08 06:00,,,,,,
FVJN,2025-05-08 07:00,,,,,,
FVJN,2025-05-08 09:00,,,,,,
FVJN,2025-05-08 12:00,,,,,,
FVJN,2025-05-08 13:00,,,,,,
FVJN,2025-05-08 14:00,,,,,,
FVJN,2025-05-08 15:00,,,,,,
FVJN,2025-05-08 16:00,,,,,,
FVJN,2025-05-09 03:00,,,,,,
FVJN,2025-05-09 04:00,,,,,,
FVJN,2025-05-09 05:00,,,,,,
FVJN,2025-05-09 06:00,,,,,,
FVJN,2025-05-09 07:00,,,,,,
FVJN,2025-05-09 09:00,,,,,,
FVJN,2025-05-09 10:00,,,,,,
FVJN,2025-05-09 12:00,,,,,,
FVJN,2025-05-09 13:00,,,,,,
FVJN,2025-05-09 15:00,,,,,,
FVJN,2025-05-10 03:00,,,,,,
FVJN,2025-05-10 04:00,,,,,,
FVJN,2025-05-10 05:00,,,,,,
FVJN,2025-05-10 06:00,,,,,,
FVJN,2025-05-10 07:00,,,,,,
FVJN,2025-05-10 09:00,,,,,,
FVJN,2025-05-10 10:00,,,,,,
FVJN,2025-05-10 11:00,,,,,,
FVJN,2025-05-10 12:00,,,,,,
FVJN,2025-05-10 13:00,,,,,,
FVJN,2025-05-10 14:00,,,,,,
FVJN,2025-05-10 17:00,,,,,,
FVJN,2025-05-10 18:00,,,,,,
FVJN,2025-05-11 03:00,,,,,,
FVJN,2025-05-11 04:00,,,,,,
FVJN,2025-05-11 05:00,,,,,,
FVJN,2025-05-11 06:00,,,,,,
FVJN,2025-05-11 07:00,,,,,,
FVJN,2025-05-11 15:00,,,,,,
FVJN,2025-05-12 11:00,FEW,,,4500.00,,
FVJN,2025-05-12 12:00,,,,,,
FVJN,2025-05-13 07:00,BKN,,,1500.00,,
FVJN,2025-05-13 08:00,BKN,,,2000.00,,
FVJN,2025-05-13 09:00,SCT,,,3000.00,,
FVJN,2025-05-13 10:00,SCT,,,4000.00,,
FVJN,2025-05-13 11:00,SCT,,,4000.00,,
FVJN,2025-05-13 12:00,SCT,,,4000.00,,
FVJN,2025-05-13 13:00,SCT,,,4000.00,,
FVJN,2025-05-13 14:00,SCT,,,4000.00,,
FVJN,2025-05-13 15:00,SCT,,,4000.00,,
FVJN,2025-05-13 16:00,FEW,,,4000.00,,
FVJN,2025-05-14 04:00,,,,,,
FVJN,2025-05-14 05:00,,,,,,
FVJN,2025-05-14 06:00,FEW,BKN,,1000.00,30000.00,
FVJN,2025-05-14 07:00,FEW,BKN,,2500.00,30000.00,
FVJN,2025-05-14 10:00,FEW,BKN,,3500.00,30000.00,
FVJN,2025-05-16 06:00,,,,,,
FVJN,2025-05-16 08:00,,,,,,
FVJN,2025-05-16 09:00,,,,,,
FVJN,2025-05-16 10:00,,,,,,
FVJN,2025-05-16 11:00,,,,,,
FVJN,2025-05-16 12:00,SCT,,,4000.00,,
FVJN,2025-05-16 13:00,SCT,,,4000.00,,
FVJN,2025-05-16 15:00,,,,,,
FVJN,2025-05-16 16:00,,,,,,
FVJN,2025-05-16 18:00,,,,,,
FVJN,2025-05-17 03:00,,,,,,
FVJN,2025-05-17 04:00,,,,,,
FVJN,2025-05-17 05:00,,,,,,
FVJN,2025-05-17 06:00,,,,,,
FVJN,2025-05-17 07:00,,,,,,
FVJN,2025-05-17 08:00,,,,,,
FVJN,2025-05-17 09:00,,,,,,
FVJN,2025-05-17 10:00,,,,,,
FVJN,2025-05-17 11:00,,,,,,
FVJN,2025-05-17 12:00,,,,,,
FVJN,2025-05-17 13:00,,,,,,
FVJN,2025-05-17 15:00,,,,,,
FVJN,2025-05-18 03:00,,,,,,
FVJN,2025-05-18 04:00,,,,,,
FVJN,2025-05-18 05:00,,,,,,
FVJN,2025-05-18 06:00,,,,,,
FVJN,2025-05-18 08:00,,,,,,
FVJN,2025-05-18 09:00,,,,,,
FVJN,2025-05-18 10:00,,,,,,
FVJN,2025-05-18 11:00,,,,,,
FVJN,2025-05-18 12:00,,,,,,
FVJN,2025-05-18 13:00,,,,,,
FVJN,2025-05-18 14:00,,,,,,
FVJN,2025-05-18 15:00,,,,,,
FVJN,2025-05-18 16:00,,,,,,
FVJN,2025-05-19 03:00,,,,,,
FVJN,2025-05-19 04:00,,,,,,
FVJN,2025-05-19 06:00,,,,,,
FVJN,2025-05-19 07:00,,,,,,
FVJN,2025-05-19 08:00,,,,,,
FVJN,2025-05-19 09:00,,,,,,
FVJN,2025-05-19 10:00,,,,,,
FVJN,2025-05-19 11:00,,,,,,
FVJN,2025-05-19 12:00,,,,,,
FVJN,2025-05-19 13:00,,,,,,
FVJN,2025-05-19 14:00,,,,,,
FVJN,2025-05-19 15:00,,,,,,
FVJN,2025-05-19 16:00,,,,,,
FVJN,2025-05-20 03:00,,,,,,
FVJN,2025-05-20 04:00,,,,,,
FVJN,2025-05-20 05:00,,,,,,
FVJN,2025-05-20 06:00,,,,,,
FVJN,2025-05-20 07:00,,,,,,
FVJN,2025-05-20 08:00,,,,,,
FVJN,2025-05-20 09:00,,,,,,
FVJN,2025-05-20 13:00,,,,,,
FVJN,2025-05-20 14:00,,,,,,
FVJN,2025-05-20 15:00,,,,,,
FVJN,2025-05-20 16:00,,,,,,
FVJN,2025-05-21 03:00,,,,,,
FVJN,2025-05-21 04:00,,,,,,
FVJN,2025-05-21 05:00,,,,,,
FVJN,2025-05-21 06:00,,,,,,
FVJN,2025-05-21 07:00,,,,,,
FVJN,2025-05-21 08:00,,,,,,
FVJN,2025-05-21 09:00,,,,,,
FVJN,2025-05-21 10:00,,,,,,
FVJN,2025-05-21 11:00,,,,,,
FVJN,2025-05-21 12:00,,,,,,
FVJN,2025-05-21 14:00,,,,,,
FVJN,2025-05-21 15:00,,,,,,
FVJN,2025-05-21 17:00,,,,,,
FVJN,2025-05-22 03:00,,,,,,
FVJN,2025-05-22 04:00,,,,,,
FVJN,2025-05-22 05:00,,,,,,
FVJN,2025-05-22 06:00,,,,,,
FVJN,2025-05-22 07:00,,,,,,
FVJN,2025-05-22 08:00,,,,,,
FVJN,2025-05-22 09:00,,,,,,
FVJN,2025-05-22 10:00,,,,,,
FVJN,2025-05-22 11:00,,,,,,
FVJN,2025-05-22 14:00,,,,,,
FVJN,2025-05-23 03:00,,,,,,
FVJN,2025-05-23 04:00,BKN,,,600.00,,
FVJN,2025-05-23 05:00,BKN,,,600.00,,
FVJN,2025-05-23 06:00,BKN,,,600.00,,
FVJN,2025-05-23 08:00,BKN,,,2500.00,,
FVJN,2025-05-23 10:00,BKN,,,2500.00,,
FVJN,2025-05-24 08:00,FEW,,,3200.00,,
FVJN,2025-05-24 09:00,FEW,,,4000.00,,
FVJN,2025-05-25 08:00,,,,,,
FVJN,2025-05-25 09:00,,,,,,
FVJN,2025-05-25 10:00,,,,,,
FVJN,2025-05-25 11:00,BKN,,,4500.00,,
FVJN,2025-05-25 12:00,,,,,,
FVJN,2025-05-25 13:00,,,,,,
FVJN,2025-05-25 14:00,,,,,,
FVJN,2025-05-25 15:00,,,,,,
FVJN,2025-05-25 16:00,,,,,,
FVJN,2025-05-26 03:00,,,,,,
FVJN,2025-05-26 04:00,,,,,,
FVJN,2025-05-26 05:00,,,,,,
FVJN,2025-05-26 06:00,,,,,,
FVJN,2025-05-26 07:00,,,,,,
FVJN,2025-05-28 04:00,,,,,,
FVJN,2025-05-28 06:00,,,,,,
FVJN,2025-05-28 08:00,,,,,,
FVJN,2025-05-28 09:00,,,,,,
FVJN,2025-05-28 10:00,,,,,,
FVJN,2025-05-28 11:00,,,,,,
FVJN,2025-05-28 12:00,,,,,,
FVJN,2025-05-28 13:00,,,,,,
FVJN,2025-05-28 14:00,,,,,,
FVJN,2025-05-28 15:00,,,,,,
FVJN,2025-05-28 16:00,,,,,,
FVJN,2025-05-29 04:00,,,,,,
FVJN,2025-05-29 06:00,,,,,,
FVJN,2025-05-29 07:00,,,,,,
FVJN,2025-05-29 08:00,,,,,,
FVJN,2025-05-29 09:00,,,,,,
FVJN,2025-05-29 10:00,,,,,,
FVJN,2025-05-29 11:00,,,,,,
FVJN,2025-05-29 12:00,,,,,,
FVJN,2025-05-29 13:00,,,,,,
FVJN,2025-05-29 14:00,,,,,,
FVJN,2025-05-29 15:00,,,,,,
FVJN,2025-05-29 16:00,,,,,,
FVJN,2025-05-30 03:00,,,,,,
FVJN,2025-05-30 04:00,,,,,,
FVJN,2025-05-30 05:00,,,,,,
FVJN,2025-05-30 06:00,,,,,,
FVJN,2025-05-30 07:00,,,,,,
FVJN,2025-05-30 09:00,,,,,,
FVJN,2025-05-30 10:00,,,,,,
FVJN,2025-05-30 12:00,,,,,,
FVJN,2025-05-30 14:00,,,,,,
FVJN,2025-05-30 15:00,,,,,,
FVJN,2025-05-30 17:00,,,,,,
FVJN,2025-05-30 18:00,,,,,,
FVJN,2025-05-30 19:00,,,,,,
FVJN,2025-05-31 03:00,,,,,,
FVJN,2025-05-31 04:00,,,,,,
FVJN,2025-05-31 05:00,,,,,,
FVJN,2025-05-31 06:00,,,,,,
FVJN,2025-05-31 07:00,FEW,,,2000.00,,
FVJN,2025-05-31 09:00,FEW,,,1000.00,,
FVJN,2025-05-31 10:00,FEW,,,2000.00,,
FVJN,2025-05-31 11:00,FEW,,,4000.00,,
FVJN,2025-05-31 12:00,,,,,,
FVJN,2025-05-31 13:00,,,,,,
FVJN,2025-05-31 14:00,,,,,,
FVJN,2025-05-31 15:00,,,,,,
FVJN,2025-05-31 17:00,,,,,,
FVJN,2025-06-01 03:00,,,,,,
FVJN,2025-06-01 04:00,,,,,,
FVJN,2025-06-01 05:00,,,,,,
FVJN,2025-06-01 06:00,,,,,,
FVJN,2025-06-01 07:00,,,,,,
FVJN,2025-06-01 08:00,,,,,,
FVJN,2025-06-01 09:00,,,,,,
FVJN,2025-06-01 10:00,,,,,,
FVJN,2025-06-01 11:00,,,,,,
FVJN,2025-06-01 12:00,,,,,,
FVJN,2025-06-01 13:00,,,,,,
FVJN,2025-06-01 14:00,,,,,,
FVJN,2025-06-01 15:00,,,,,,
FVJN,2025-06-02 03:00,,,,,,
FVJN,2025-06-02 04:00,,,,,,
FVJN,2025-06-02 05:00,,,,,,
FVJN,2025-06-02 06:00,,,,,,
FVJN,2025-06-02 07:00,,,,,,
FVJN,2025-06-02 08:00,,,,,,
FVJN,2025-06-02 10:00,,,,,,
FVJN,2025-06-02 11:00,,,,,,
FVJN,2025-06-02 12:00,,,,,,
FVJN,2025-06-02 14:00,,,,,,
FVJN,2025-06-02 15:00,,,,,,
FVJN,2025-06-03 03:00,,,,,,
FVJN,2025-06-03 04:00,,,,,,
FVJN,2025-06-03 05:00,,,,,,
FVJN,2025-06-03 06:00,,,,,,
FVJN,2025-06-03 07:00,,,,,,
FVJN,2025-06-03 08:00,,,,,,
FVJN,2025-06-03 10:00,,,,,,
FVJN,2025-06-03 13:00,,,,,,
FVJN,2025-06-03 14:00,,,,,,
FVJN,2025-06-03 15:00,,,,,,
FVJN,2025-06-03 16:00,,,,,,
FVJN,2025-06-04 03:00,,,,,,
FVJN,2025-06-04 04:00,,,,,,
FVJN,2025-06-04 07:00,,,,,,
FVJN,2025-06-06 08:00,FEW,,,1000.00,,
FVJN,2025-06-06 09:00,FEW,,,3500.00,,
FVJN,2025-06-06 10:00,,,,,,
FVJN,2025-06-06 11:00,,,,,,
FVJN,2025-06-06 12:00,,,,,,
FVJN,2025-06-06 13:00,,,,,,
FVJN,2025-06-06 14:00,,,,,,
FVJN,2025-06-06 15:00,,,,,,
FVJN,2025-06-06 16:00,,,,,,
FVJN,2025-06-07 03:00,,,,,,
FVJN,2025-06-07 04:00,,,,,,
FVJN,2025-06-07 05:00,,,,,,
FVJN,2025-06-07 06:00,,,,,,
FVJN,2025-06-07 09:00,,,,,,
FVJN,2025-06-07 10:00,,,,,,
FVJN,2025-06-08 05:00,,,,,,
FVJN,2025-06-08 06:00,,,,,,
FVJN,2025-06-08 07:00,,,,,,
FVJN,2025-06-08 09:00,,,,,,
FVJN,2025-06-09 08:00,,,,,,
FVJN,2025-06-09 09:00,,,,,,
FVJN,2025-06-09 10:00,,,,,,
FVJN,2025-06-09 11:00,,,,,,
FVJN,2025-06-09 12:00,,,,,,
FVJN,2025-06-09 13:00,,,,,,
FVJN,2025-06-09 14:00,,,,,,
FVJN,2025-06-09 15:00,,,,,,
FVJN,2025-06-09 16:00,,,,,,
FVJN,2025-06-10 03:00,,,,,,
FVJN,2025-06-10 04:00,,,,,,
FVJN,2025-06-10 05:00,,,,,,
FVJN,2025-06-10 06:00,,,,,,
FVJN,2025-06-10 07:00,,,,,,
FVJN,2025-06-10 08:00,,,,,,
FVJN,2025-06-10 09:00,,,,,,
FVJN,2025-06-10 10:00,,,,,,
FVJN,2025-06-10 11:00,,,,,,
FVJN,2025-06-10 12:00,,,,,,
FVJN,2025-06-10 13:00,,,,,,
FVJN,2025-06-10 15:00,,,,,,
FVJN,2025-06-10 16:00,,,,,,
FVJN,2025-06-11 03:00,,,,,,
FVJN,2025-06-11 04:00,,,,,,
FVJN,2025-06-11 05:00,,,,,,
FVJN,2025-06-11 06:00,,,,,,
FVJN,2025-06-11 08:00,,,,,,
FVJN,2025-06-11 11:00,,,,,,
FVJN,2025-06-11 12:00,,,,,,
FVJN,2025-06-11 13:00,,,,,,
FVJN,2025-06-11 14:00,,,,,,
FVJN,2025-06-11 15:00,,,,,,
FVJN,2025-06-11 16:00,,,,,,
FVJN,2025-06-12 03:00,,,,,,
FVJN,2025-06-12 04:00,,,,,,
FVJN,2025-06-12 05:00,FEW,,,800.00,,
FVJN,2025-06-12 06:00,BKN,,,800.00,,
FVJN,2025-06-12 07:00,BKN,,,1000.00,,
FVJN,2025-06-12 10:00,FEW,,,2500.00,,
FVJN,2025-06-12 11:00,FEW,,,3500.00,,
FVJN,2025-06-12 12:00,SCT,,,3500.00,,
FVJN,2025-06-12 15:00,BKN,,,3500.00,,
FVJN,2025-06-12 16:00,BKN,,,3500.00,,
FVJN,2025-06-13 04:00,FEW,BKN,,800.00,30000.00,
FVJN,2025-06-13 05:00,BKN,,,800.00,,
FVJN,2025-06-13 06:00,FEW,,,800.00,,
FVJN,2025-06-13 07:00,FEW,,,1000.00,,
FVJN,2025-06-13 08:00,FEW,,,1000.00,,
FVJN,2025-06-13 09:00,FEW,,,3500.00,,
FVJN,2025-06-13 10:00,FEW,SCT,,4000.00,30000.00,
FVJN,2025-06-13 11:00,,,,,,
FVJN,2025-06-13 12:00,,,,,,
FVJN,2025-06-13 13:00,,,,,,
FVJN,2025-06-13 14:00,,,,,,
FVJN,2025-06-13 16:00,,,,,,
FVJN,2025-06-14 03:00,,,,,,
FVJN,2025-06-14 04:00,,,,,,
FVJN,2025-06-14 05:00,FEW,,,2000.00,,
FVJN,2025-06-14 06:00,FEW,,,2000.00,,
FVJN,2025-06-14 07:00,SCT,,,2000.00,,
FVJN,2025-06-14 09:00,,,,,,
FVJN,2025-06-14 12:00,,,,,,
FVJN,2025-06-14 13:00,,,,,,
FVJN,2025-06-14 14:00,,,,,,
FVJN,2025-06-14 15:00,,,,,,
FVJN,2025-06-14 16:00,,,,,,
FVJN,2025-06-15 03:00,,,,,,
FVJN,2025-06-15 04:00,,,,,,
FVJN,2025-06-15 05:00,SCT,SCT,,700.00,8000.00,
FVJN,2025-06-15 06:00,BKN,,,700.00,,
FVJN,2025-06-15 07:00,BKN,,,1000.00,,
FVJN,2025-06-15 08:00,SCT,BKN,,2000.00,30000.00,
FVJN,2025-06-15 09:00,FEW,BKN,,3000.00,30000.00,
FVJN,2025-06-15 10:00,FEW,BKN,,3500.00,30000.00,
FVJN,2025-06-15 12:00,,,,,,
FVJN,2025-06-15 13:00,,,,,,
FVJN,2025-06-15 14:00,,,,,,
FVJN,2025-06-15 15:00,,,,,,
FVJN,2025-06-16 03:00,,,,,,
FVJN,2025-06-16 04:00,,,,,,
FVJN,2025-06-16 05:00,,,,,,
FVJN,2025-06-16 06:00,,,,,,
FVJN,2025-06-16 07:00,,,,,,
FVJN,2025-06-16 08:00,,,,,,
FVJN,2025-06-16 09:00,,,,,,
FVJN,2025-06-16 10:00,,,,,,
FVJN,2025-06-16 11:00,,,,,,
FVJN,2025-06-16 12:00,,,,,,
FVJN,2025-06-16 13:00,,,,,,
FVJN,2025-06-16 14:00,,,,,,
FVJN,2025-06-16 15:00,,,,,,
FVJN,2025-06-16 16:00,,,,,,
FVJN,2025-06-17 03:00,,,,,,
FVJN,2025-06-17 04:00,,,,,,
FVJN,2025-06-17 05:00,,,,,,
FVJN,2025-06-17 06:00,,,,,,
FVJN,2025-06-17 07:00,,,,,,
FVJN,2025-06-18 03:00,,,,,,
FVJN,2025-06-18 07:00,,,,,,
FVJN,2025-06-18 08:00,,,,,,
FVJN,2025-06-18 09:00,,,,,,
FVJN,2025-06-18 10:00,,,,,,
FVJN,2025-06-18 11:00,,,,,,
FVJN,2025-06-18 12:00,,,,,,
FVJN,2025-06-18 13:00,,,,,,
FVJN,2025-06-18 14:00,,,,,,
FVJN,2025-06-18 15:00,,,,,,
FVJN,2025-06-18 16:00,,,,,,
FVJN,2025-06-19 03:00,,,,,,
FVJN,2025-06-19 05:00,,,,,,
FVJN,2025-06-19 06:00,,,,,,
FVJN,2025-06-19 07:00,,,,,,
FVJN,2025-06-19 08:00,,,,,,
FVJN,2025-06-19 09:00,,,,,,
FVJN,2025-06-19 13:00,,,,,,
FVJN,2025-06-20 03:00,,,,,,
FVJN,2025-06-20 04:00,,,,,,
FVJN,2025-06-21 09:00,,,,,,
FVJN,2025-06-21 10:00,,,,,,
FVJN,2025-06-21 11:00,,,,,,
FVJN,2025-06-21 12:00,,,,,,
FVJN,2025-06-21 13:00,,,,,,
FVJN,2025-06-21 15:00,,,,,,
FVJN,2025-06-21 16:00,,,,,,
FVJN,2025-06-21 17:00,,,,,,
FVJN,2025-06-22 03:00,,,,,,
FVJN,2025-06-22 04:00,,,,,,
FVJN,2025-06-22 05:00,,,,,,
FVJN,2025-06-22 06:00,,,,,,
FVJN,2025-06-22 07:00,,,,,,
FVJN,2025-06-22 09:00,,,,,,
FVJN,2025-06-22 10:00,,,,,,
FVJN,2025-06-22 11:00,,,,,,
FVJN,2025-06-22 12:00,,,,,,
FVJN,2025-06-22 13:00,,,,,,
FVJN,2025-06-22 14:00,,,,,,
FVJN,2025-06-22 15:00,,,,,,
FVJN,2025-06-22 16:00,,,,,,
FVJN,2025-06-22 17:00,,,,,,
FVJN,2025-06-23 04:00,,,,,,
FVJN,2025-06-23 05:00,,,,,,
FVJN,2025-06-23 06:00,,,,,,
FVJN,2025-06-23 09:00,,,,,,
FVJN,2025-06-23 10:00,,,,,,
FVJN,2025-06-23 11:00,,,,,,
FVJN,2025-06-23 12:00,,,,,,
FVJN,2025-06-23 14:00,,,,,,
FVJN,2025-06-23 15:00,,,,,,
FVJN,2025-06-23 16:00,,,,,,
FVJN,2025-06-23 17:00,,,,,,
FVJN,2025-06-24 03:00,,,,,,
FVJN,2025-06-24 04:00,,,,,,
FVJN,2025-06-24 05:00,,,,,,
FVJN,2025-06-24 06:00,,,,,,
FVJN,2025-06-24 07:00,,,,,,
FVJN,2025-06-24 08:00,,,,,,
FVJN,2025-06-25 04:00,,,,,,
FVJN,2025-06-25 05:00,,,,,,
FVJN,2025-06-25 06:00,,,,,,
FVJN,2025-06-25 07:00,,,,,,
FVJN,2025-06-25 08:00,,,,,,
FVJN,2025-06-25 09:00,,,,,,
FVJN,2025-06-25 10:00,,,,,,
FVJN,2025-06-25 11:00,,,,,,
FVJN,2025-06-25 12:00,,,,,,
FVJN,2025-06-25 13:00,,,,,,
FVJN,2025-06-25 14:00,,,,,,
FVJN,2025-06-25 15:00,,,,,,
FVJN,2025-06-25 16:00,,,,,,
FVJN,2025-06-26 03:00,,,,,,
FVJN,2025-06-26 04:00,,,,,,
FVJN,2025-06-26 05:00,,,,,,
FVJN,2025-06-26 06:00,,,,,,
FVJN,2025-06-26 07:00,,,,,,
FVJN,2025-06-26 08:00,,,,,,
FVJN,2025-06-26 09:00,,,,,,
FVJN,2025-06-26 10:00,,,,,,
FVJN,2025-06-26 13:00,,,,,,
FVJN,2025-06-26 14:00,,,,,,
FVJN,2025-06-26 15:00,,,,,,
FVJN,2025-06-27 04:00,,,,,,
FVJN,2025-06-27 05:00,,,,,,
FVJN,2025-06-27 06:00,,,,,,
FVJN,2025-06-27 07:00,,,,,,
FVJN,2025-06-27 09:00,,,,,,
FVJN,2025-06-27 10:00,,,,,,
FVJN,2025-06-27 11:00,,,,,,
FVJN,2025-06-27 12:00,,,,,,
FVJN,2025-06-27 13:00,,,,,,
FVJN,2025-06-27 15:00,,,,,,
FVJN,2025-06-27 16:00,,,,,,
FVJN,2025-06-28 03:00,,,,,,
FVJN,2025-06-28 04:00,,,,,,
FVJN,2025-06-28 05:00,FEW,,,1000.00,,
FVJN,2025-06-28 06:00,FEW,,,1000.00,,
FVJN,2025-06-28 07:00,FEW,,,1000.00,,
FVJN,2025-06-30 08:00,FEW,,,3000.00,,
FVJN,2025-06-30 09:00,FEW,,,3500.00,,
FVJN,2025-06-30 10:00,FEW,,,4000.00,,
FVJN,2025-06-30 11:00,,,,,,
FVJN,2025-06-30 13:00,,,,,,
FVJN,2025-06-30 14:00,,,,,,
FVJN,2025-06-30 15:00,,,,,,
FVJN,2025-07-01 03:00,SCT,,,4000.00,,
FVJN,2025-07-01 04:00,SCT,,,4000.00,,
FVJN,2025-07-01 05:00,,,,,,
FVJN,2025-07-01 06:00,,,,,,
FVJN,2025-07-01 07:00,,,,,,
FVJN,2025-07-01 08:00,,,,,,
FVJN,2025-07-01 09:00,,,,,,
FVJN,2025-07-03 09:00,FEW,BKN,,4500.00,8000.00,
FVJN,2025-07-03 10:00,,,,,,
FVJN,2025-07-03 11:00,,,,,,
FVJN,2025-07-03 14:00,,,,,,
FVJN,2025-07-03 15:00,,,,,,
FVJN,2025-07-03 16:00,,,,,,
FVJN,2025-07-04 03:00,,,,,,
FVJN,2025-07-04 04:00,,,,,,
FVJN,2025-07-04 05:00,,,,,,
FVJN,2025-07-04 06:00,,,,,,
FVJN,2025-07-04 07:00,,,,,,
FVJN,2025-07-05 08:00,,,,,,
FVJN,2025-07-05 09:00,,,,,,
FVJN,2025-07-05 10:00,,,,,,
FVJN,2025-07-05 11:00,,,,,,
FVJN,2025-07-05 12:00,,,,,,
FVJN,2025-07-05 13:00,,,,,,
FVJN,2025-07-05 14:00,,,,,,
FVJN,2025-07-05 15:00,,,,,,
FVJN,2025-07-05 16:00,,,,,,
FVJN,2025-07-06 04:00,,,,,,
FVJN,2025-07-06 05:00,,,,,,
FVJN,2025-07-06 06:00,,,,,,
FVJN,2025-07-06 07:00,,,,,,
FVJN,2025-07-06 08:00,,,,,,
FVJN,2025-07-06 09:00,,,,,,
FVJN,2025-07-06 10:00,,,,,,
FVJN,2025-07-06 11:00,,,,,,
FVJN,2025-07-06 12:00,,,,,,
FVJN,2025-07-06 13:00,,,,,,
FVJN,2025-07-06 14:00,,,,,,
FVJN,2025-07-06 15:00,,,,,,
FVJN,2025-07-06 16:00,,,,,,
FVJN,2025-07-06 17:00,,,,,,
FVJN,2025-07-07 03:00,,,,,,
FVJN,2025-07-07 05:00,,,,,,
FVJN,2025-07-07 07:00,,,,,,
FVJN,2025-07-07 08:00,,,,,,
FVJN,2025-07-07 10:00,,,,,,
FVJN,2025-07-07 11:00,,,,,,
FVJN,2025-07-07 12:00,,,,,,
FVJN,2025-07-07 13:00,,,,,,
FVJN,2025-07-07 14:00,,,,,,
FVJN,2025-07-07 15:00,,,,,,
FVJN,2025-07-07 16:00,,,,,,
FVJN,2025-07-08 03:00,FEW,,,800.00,,
FVJN,2025-07-08 04:00,SCT,,,800.00,,
FVJN,2025-07-08 06:00,BKN,,,1500.00,,
FVJN,2025-07-08 07:00,BKN,,,2000.00,,
FVJN,2025-07-08 08:00,BKN,,,2500.00,,
FVJN,2025-07-08 10:00,,,,,,
FVJN,2025-07-08 13:00,,,,,,
FVJN,2025-07-08 14:00,,,,,,
FVJN,2025-07-08 15:00,,,,,,
FVJN,2025-07-08 16:00,,,,,,
FVJN,2025-07-09 04:00,,,,,,
FVJN,2025-07-09 05:00,FEW,,,1000.00,,
FVJN,2025-07-09 06:00,FEW,,,1000.00,,
FVJN,2025-07-10 08:00,,,,,,
FVJN,2025-07-10 09:00,,,,,,
FVJN,2025-07-10 10:00,,,,,,
FVJN,2025-07-10 11:00,,,,,,
FVJN,2025-07-10 12:00,,,,,,
FVJN,2025-07-10 13:00,,,,,,
FVJN,2025-07-10 14:00,,,,,,
FVJN,2025-07-10 15:00,,,,,,
FVJN,2025-07-10 16:00,,,,,,
FVJN,2025-07-11 03:00,,,,,,
FVJN,2025-07-11 04:00,,,,,,
FVJN,2025-07-11 05:00,,,,,,
FVJN,2025-07-11 06:00,,,,,,
FVJN,2025-07-11 07:00,,,,,,
FVJN,2025-07-12 11:00,,,,,,
FVJN,2025-07-13 10:00,FEW,,,4000.00,,
FVJN,2025-07-13 11:00,,,,,,
FVJN,2025-07-13 12:00,,,,,,
FVJN,2025-07-13 13:00,,,,,,
FVJN,2025-07-13 14:00,,,,,,
FVJN,2025-07-13 15:00,,,,,,
FVJN,2025-07-13 16:00,,,,,,
FVJN,2025-07-14 04:00,,,,,,
FVJN,2025-07-14 05:00,,,,,,
FVJN,2025-07-14 06:00,,,,,,
FVJN,2025-07-14 09:00,,,,,,
FVJN,2025-07-14 10:00,,,,,,
FVJN,2025-07-14 12:00,,,,,,
FVJN,2025-07-15 08:00,,,,,,
FVJN,2025-07-15 09:00,,,,,,
FVJN,2025-07-15 10:00,,,,,,
FVJN,2025-07-15 11:00,,,,,,
FVJN,2025-07-15 12:00,,,,,,
FVJN,2025-07-15 13:00,,,,,,
FVJN,2025-07-15 14:00,,,,,,
FVJN,2025-07-15 15:00,,,,,,
FVJN,2025-07-16 03:00,,,,,,
FVJN,2025-07-16 06:00,,,,,,
FVJN,2025-07-16 07:00,,,,,,
FVJN,2025-07-16 08:00,,,,,,
FVJN,2025-07-16 09:00,,,,,,
FVJN,2025-07-16 10:00,,,,,,
FVJN,2025-07-16 11:00,,,,,,
FVJN,2025-07-16 12:00,,,,,,
FVJN,2025-07-16 13:00,,,,,,
FVJN,2025-07-16 14:00,,,,,,
FVJN,2025-07-16 16:00,,,,,,
FVJN,2025-07-17 03:00,,,,,,
FVJN,2025-07-17 04:00,,,,,,
FVJN,2025-07-17 06:00,,,,,,
FVJN,2025-07-17 07:00,,,,,,
FVJN,2025-07-17 08:00,,,,,,
FVJN,2025-07-17 09:00,,,,,,
FVJN,2025-07-17 10:00,,,,,,
FVJN,2025-07-17 12:00,,,,,,
FVJN,2025-07-17 14:00,,,,,,
FVJN,2025-07-17 15:00,,,,,,
FVJN,2025-07-17 16:00,,,,,,
FVJN,2025-07-18 03:00,,,,,,
FVJN,2025-07-18 04:00,,,,,,
FVJN,2025-07-18 06:00,,,,,,
FVJN,2025-07-18 07:00,,,,,,
FVJN,2025-07-18 09:00,,,,,,
FVJN,2025-07-18 11:00,,,,,,
FVJN,2025-07-18 12:00,,,,,,
FVJN,2025-07-18 13:00,,,,,,
FVJN,2025-07-18 14:00,,,,,,
FVJN,2025-07-18 15:00,,,,,,
FVJN,2025-07-18 16:00,,,,,,
FVJN,2025-07-19 03:00,,,,,,
FVJN,2025-07-19 04:00,,,,,,
FVJN,2025-07-19 05:00,,,,,,
FVJN,2025-07-19 07:00,FEW,,,1000.00,,
FVJN,2025-07-19 08:00,FEW,,,2500.00,,
FVJN,2025-07-19 09:00,FEW,,,4000.00,,
FVJN,2025-07-19 10:00,,,,,,
FVJN,2025-07-20 07:00,BKN,,,2000.00,,
FVJN,2025-07-20 08:00,BKN,,,2500.00,,
FVJN,2025-07-20 09:00,BKN,,,3000.00,,
FVJN,2025-07-20 10:00,BKN,,,4500.00,,
FVJN,2025-07-20 11:00,,,,,,
FVJN,2025-07-20 12:00,,,,,,
FVJN,2025-07-20 13:00,,,,,,
FVJN,2025-07-20 14:00,,,,,,
FVJN,2025-07-20 15:00,,,,,,
FVJN,2025-07-21 03:00,,,,,,
FVJN,2025-07-21 04:00,,,,,,
FVJN,2025-07-21 05:00,FEW,BKN,,700.00,9000.00,
FVJN,2025-07-21 06:00,,,,,,
FVJN,2025-07-21 12:00,,,,,,
FVJN,2025-07-21 13:00,,,,,,
FVJN,2025-07-21 14:00,,,,,,
FVJN,2025-07-21 15:00,,,,,,
FVJN,2025-07-21 16:00,,,,,,
FVJN,2025-07-22 03:00,,,,,,
FVJN,2025-07-22 13:00,,,,,,
FVJN,2025-07-23 08:00,,,,,,
FVJN,2025-07-23 09:00,,,,,,
FVJN,2025-07-23 10:00,,,,,,
FVJN,2025-07-23 11:00,,,,,,
FVJN,2025-07-23 12:00,,,,,,
FVJN,2025-07-23 13:00,,,,,,
FVJN,2025-07-23 14:00,,,,,,
FVJN,2025-07-23 15:00,,,,,,
FVJN,2025-07-23 16:00,,,,,,
FVJN,2025-07-24 03:00,,,,,,
FVJN,2025-07-24 04:00,,,,,,
FVJN,2025-07-24 05:00,,,,,,
FVJN,2025-07-24 06:00,,,,,,
FVJN,2025-07-24 07:00,,,,,,
FVJN,2025-07-25 04:00,,,,,,
FVJN,2025-07-25 05:00,,,,,,
FVJN,2025-07-25 07:00,,,,,,
FVJN,2025-07-25 08:00,,,,,,
FVJN,2025-07-25 09:00,,,,,,
FVJN,2025-07-25 10:00,,,,,,
FVJN,2025-07-25 11:00,,,,,,
FVJN,2025-07-25 12:00,,,,,,
FVJN,2025-07-25 13:00,,,,,,
FVJN,2025-07-25 14:00,,,,,,
FVJN,2025-07-25 15:00,,,,,,
FVJN,2025-07-25 16:00,,,,,,
FVJN,2025-07-25 17:00,,,,,,
FVJN,2025-07-26 03:00,,,,,,
FVJN,2025-07-26 04:00,,,,,,
FVJN,2025-07-26 06:00,,,,,,
FVJN,2025-07-26 07:00,,,,,,
FVJN,2025-07-26 08:00,,,,,,
FVJN,2025-07-26 09:00,,,,,,
FVJN,2025-07-26 10:00,,,,,,
FVJN,2025-07-26 11:00,,,,,,
FVJN,2025-07-26 12:00,,,,,,
FVJN,2025-07-26 13:00,,,,,,
FVJN,2025-07-26 14:00,,,,,,
FVJN,2025-07-26 15:00,,,,,,
FVJN,2025-07-27 03:00,,,,,,
FVJN,2025-07-27 04:00,,,,,,
FVJN,2025-07-27 05:00,,,,,,
FVJN,2025-07-27 06:00,,,,,,
FVJN,2025-07-27 08:00,,,,,,
FVJN,2025-07-27 09:00,,,,,,
FVJN,2025-07-27 10:00,,,,,,
FVJN,2025-07-27 11:00,,,,,,
FVJN,2025-07-27 12:00,,,,,,
FVJN,2025-07-27 13:00,,,,,,
FVJN,2025-07-27 14:00,,,,,,
FVJN,2025-07-27 15:00,,,,,,
FVJN,2025-07-27 17:00,,,,,,
FVJN,2025-07-28 04:00,OVC,,,800.00,,
FVJN,2025-07-28 05:00,OVC,,,800.00,,
FVJN,2025-07-28 06:00,BKN,,,800.00,,
FVJN,2025-07-28 08:00,BKN,,,1000.00,,
FVJN,2025-07-28 09:00,OVC,,,1600.00,,
FVJN,2025-07-28 10:00,OVC,,,1800.00,,
FVJN,2025-07-28 11:00,OVC,,,2000.00,,
FVJN,2025-07-28 13:00,OVC,,,2500.00,,
FVJN,2025-07-28 14:00,OVC,,,2500.00,,
FVJN,2025-07-28 15:00,OVC,,,2500.00,,
FVJN,2025-07-28 16:00,OVC,,,2500.00,,
FVJN,2025-07-29 03:00,,,,,,
FVJN,2025-07-29 04:00,,,,,,
FVJN,2025-07-29 06:00,,,,,,
FVJN,2025-07-30 04:00,,,,,,
FVJN,2025-07-30 09:00,,,,,,
FVJN,2025-07-30 10:00,,,,,,
FVJN,2025-07-30 11:00,,,,,,
FVJN,2025-07-30 12:00,,,,,,
FVJN,2025-07-30 13:00,,,,,,
FVJN,2025-07-30 14:00,,,,,,
FVJN,2025-07-30 15:00,,,,,,
FVJN,2025-07-30 16:00,,,,,,
FVJN,2025-07-30 17:00,,,,,,
FVJN,2025-07-31 03:00,,,,,,
FVJN,2025-07-31 04:00,,,,,,
FVJN,2025-07-31 05:00,,,,,,
FVJN,2025-07-31 06:00,,,,,,
FVJN,2025-08-01 04:00,,,,,,
FVJN,2025-08-01 08:00,,,,,,
FVJN,2025-08-01 09:00,,,,,,
FVJN,2025-08-01 10:00,,,,,,
FVJN,2025-08-02 08:00,SCT,,,3500.00,,
FVJN,2025-08-02 09:00,FEW,,,4000.00,,
FVJN,2025-08-02 10:00,,,,,,
FVJN,2025-08-02 12:00,,,,,,
FVJN,2025-08-02 13:00,,,,,,
FVJN,2025-08-02 14:00,,,,,,
FVJN,2025-08-02 15:00,,,,,,
FVJN,2025-08-03 03:00,,,,,,
FVJN,2025-08-03 04:00,,,,,,
FVJN,2025-08-03 05:00,,,,,,
FVJN,2025-08-03 06:00,,,,,,
FVJN,2025-08-03 07:00,,,,,,
FVJN,2025-08-03 11:00,,,,,,
FVJN,2025-08-03 12:00,,,,,,
FVJN,2025-08-03 14:00,,,,,,
FVJN,2025-08-05 04:00,,,,,,
FVJN,2025-08-05 05:00,,,,,,
FVJN,2025-08-05 06:00,,,,,,
FVJN,2025-08-05 07:00,,,,,,
FVJN,2025-08-05 08:00,,,,,,
FVJN,2025-08-05 09:00,,,,,,
FVJN,2025-08-05 10:00,,,,,,
FVJN,2025-08-05 11:00,,,,,,
FVJN,2025-08-05 12:00,,,,,,
FVJN,2025-08-05 13:00,,,,,,
FVJN,2025-08-05 14:00,,,,,,
FVJN,2025-08-05 15:00,,,,,,
FVJN,2025-08-06 03:00,,,,,,
FVJN,2025-08-06 04:00,,,,,,
FVJN,2025-08-06 05:00,,,,,,
FVJN,2025-08-06 06:00,,,,,,
FVJN,2025-08-06 07:00,,,,,,
FVJN,2025-08-06 08:00,,,,,,
FVJN,2025-08-06 09:00,,,,,,
FVJN,2025-08-06 10:00,,,,,,
FVJN,2025-08-06 11:00,,,,,,
FVJN,2025-08-06 12:00,,,,,,
FVJN,2025-08-06 13:00,,,,,,
FVJN,2025-08-06 14:00,,,,,,
FVJN,2025-08-06 15:00,,,,,,
FVJN,2025-08-06 16:00,,,,,,
FVJN,2025-08-07 03:00,,,,,,
FVJN,2025-08-07 04:00,,,,,,
FVJN,2025-08-07 05:00,,,,,,
FVJN,2025-08-07 06:00,,,,,,
FVJN,2025-08-07 07:00,,,,,,
FVJN,2025-08-07 08:00,,,,,,
FVJN,2025-08-07 09:00,,,,,,
FVJN,2025-08-07 10:00,,,,,,
FVJN,2025-08-07 11:00,,,,,,
FVJN,2025-08-07 12:00,,,,,,
FVJN,2025-08-07 13:00,,,,,,
FVJN,2025-08-07 14:00,,,,,,
FVJN,2025-08-07 15:00,,,,,,
FVJN,2025-08-07 16:00,,,,,,
FVJN,2025-08-08 04:00,BKN,,,1000.00,,
FVJN,2025-08-08 08:00,SCT,,,2000.00,,
FVJN,2025-08-08 09:00,SCT,,,2000.00,,
FVJN,2025-08-08 10:00,SCT,,,4000.00,,
FVJN,2025-08-08 11:00,SCT,,,4500.00,,
FVJN,2025-08-08 12:00,,,,,,
FVJN,2025-08-08 13:00,,,,,,
FVJN,2025-08-08 14:00,,,,,,
FVJN,2025-08-08 15:00,,,,,,
FVJN,2025-08-08 16:00,,,,,,
FVJN,2025-08-09 03:00,,,,,,
FVJN,2025-08-09 04:00,,,,,,
FVJN,2025-08-09 05:00,FEW,,,800.00,,
FVJN,2025-08-09 06:00,,,,,,
FVJN,2025-08-09 07:00,,,,,,
FVJN,2025-08-09 08:00,,,,,,
FVJN,2025-08-09 09:00,,,,,,
FVJN,2025-08-09 10:00,,,,,,
FVJN,2025-08-09 11:00,,,,,,
FVJN,2025-08-09 12:00,,,,,,
FVJN,2025-08-09 13:00,,,,,,
FVJN,2025-08-09 14:00,,,,,,
FVJN,2025-08-09 15:00,,,,,,
FVJN,2025-08-09 16:00,,,,,,
FVJN,2025-08-10 03:00,,,,,,
FVJN,2025-08-10 04:00,,,,,,
FVJN,2025-08-10 05:00,,,,,,
FVJN,2025-08-10 06:00,,,,,,
FVJN,2025-08-10 07:00,,,,,,
FVJN,2025-08-10 08:00,,,,,,
FVJN,2025-08-10 09:00,,,,,,
FVJN,2025-08-10 10:00,,,,,,
FVJN,2025-08-10 11:00,,,,,,
FVJN,2025-08-10 12:00,,,,,,
FVJN,2025-08-10 13:00,,,,,,
FVJN,2025-08-10 14:00,,,,,,
FVJN,2025-08-10 15:00,,,,,,
FVJN,2025-08-10 16:00,,,,,,
FVJN,2025-08-11 04:00,,,,,,
FVJN,2025-08-11 06:00,,,,,,
FVJN,2025-08-11 07:00,,,,,,
FVJN,2025-08-11 08:00,,,,,,
FVJN,2025-08-11 09:00,,,,,,
FVJN,2025-08-11 10:00,,,,,,
FVJN,2025-08-11 11:00,,,,,,
FVJN,2025-08-11 12:00,,,,,,
FVJN,2025-08-12 03:00,BKN,,,600.00,,
FVJN,2025-08-12 04:00,BKN,,,600.00,,
FVJN,2025-08-12 05:00,OVC,,,800.00,,
FVJN,2025-08-12 06:00,BKN,,,1000.00,,
FVJN,2025-08-12 07:00,FEW,,,1500.00,,
FVJN,2025-08-12 09:00,,,,,,
FVJN,2025-08-12 10:00,,,,,,
FVJN,2025-08-12 11:00,,,,,,
FVJN,2025-08-12 12:00,,,,,,
FVJN,2025-08-12 13:00,,,,,,
FVJN,2025-08-12 14:00,,,,,,
FVJN,2025-08-12 15:00,,,,,,
FVJN,2025-08-12 16:00,,,,,,
FVJN,2025-08-13 03:00,,,,,,
FVJN,2025-08-13 04:00,,,,,,
FVJN,2025-08-13 05:00,,,,,,
FVJN,2025-08-13 06:00,,,,,,
FVJN,2025-08-13 07:00,FEW,,,3000.00,,
FVJN,2025-08-13 08:00,FEW,,,4000.00,,
FVJN,2025-08-13 09:00,FEW,,,4500.00,,
FVJN,2025-08-13 10:00,,,,,,
FVJN,2025-08-13 11:00,,,,,,
FVJN,2025-08-13 12:00,,,,,,
FVJN,2025-08-13 13:00,,,,,,
FVJN,2025-08-13 14:00,,,,,,
FVJN,2025-08-13 15:00,,,,,,
FVJN,2025-08-13 16:00,,,,,,
FVJN,2025-08-14 03:00,,,,,,
FVJN,2025-08-14 04:00,,,,,,
FVJN,2025-08-14 05:00,,,,,,
FVJN,2025-08-14 06:00,,,,,,
FVJN,2025-08-14 07:00,,,,,,
FVJN,2025-08-14 08:00,,,,,,
FVJN,2025-08-14 09:00,,,,,,
FVJN,2025-08-14 10:00,,,,,,
FVJN,2025-08-14 12:00,,,,,,
FVJN,2025-08-14 13:00,,,,,,
FVJN,2025-08-14 14:00,,,,,,
FVJN,2025-08-14 15:00,,,,,,
FVJN,2025-08-14 16:00,,,,,,
FVJN,2025-08-15 03:00,,,,,,
FVJN,2025-08-15 04:00,,,,,,
FVJN,2025-08-15 05:00,,,,,,
FVJN,2025-08-15 06:00,,,,,,
FVJN,2025-08-15 13:00,,,,,,
FVJN,2025-08-15 14:00,,,,,,
FVJN,2025-08-15 16:00,,,,,,
FVJN,2025-08-17 03:00,,,,,,
FVJN,2025-08-17 07:00,,,,,,
FVJN,2025-08-17 08:00,,,,,,
FVJN,2025-08-17 09:00,,,,,,
FVJN,2025-08-17 10:00,,,,,,
FVJN,2025-08-17 12:00,,,,,,
FVJN,2025-08-17 13:00,,,,,,
FVJN,2025-08-17 14:00,,,,,,
FVJN,2025-08-17 15:00,,,,,,
FVJN,2025-08-17 16:00,,,,,,
FVJN,2025-08-18 03:00,,,,,,
FVJN,2025-08-18 04:00,,,,,,
FVJN,2025-08-18 05:00,FEW,,,1500.00,,
FVJN,2025-08-18 06:00,,,,,,
FVJN,2025-08-19 06:00,,,,,,
FVJN,2025-08-19 08:00,,,,,,
FVJN,2025-08-19 09:00,,,,,,
FVJN,2025-08-19 10:00,,,,,,
FVJN,2025-08-19 11:00,,,,,,
FVJN,2025-08-19 12:00,,,,,,
FVJN,2025-08-19 13:00,,,,,,
FVJN,2025-08-19 14:00,,,,,,
FVJN,2025-08-20 03:00,,,,,,
FVJN,2025-08-20 04:00,,,,,,
FVJN,2025-08-20 05:00,,,,,,
FVJN,2025-08-20 06:00,,,,,,
FVJN,2025-08-20 07:00,,,,,,
FVJN,2025-08-20 11:00,,,,,,
FVJN,2025-08-21 16:00,,,,,,
FVJN,2025-08-22 09:00,,,,,,
FVJN,2025-08-22 10:00,,,,,,
FVJN,2025-08-22 11:00,,,,,,
FVJN,2025-08-22 12:00,,,,,,
FVJN,2025-08-22 14:00,,,,,,
FVJN,2025-08-22 15:00,,,,,,
FVJN,2025-08-22 16:00,,,,,,
FVJN,2025-08-23 03:00,,,,,,
FVJN,2025-08-23 04:00,,,,,,
FVJN,2025-08-23 05:00,,,,,,
FVJN,2025-08-23 06:00,,,,,,
FVJN,2025-08-23 07:00,,,,,,
FVJN,2025-08-24 03:00,,,,,,
FVJN,2025-08-24 06:00,,,,,,
FVJN,2025-08-25 08:00,NSC,,,,,
FVJN,2025-08-26 10:00,NSC,,,,,
FVJN,2025-08-27 03:00,,,,,,
FVJN,2025-08-27 04:00,,,,,,
FVJN,2025-08-27 05:00,,,,,,
FVJN,2025-08-27 06:00,,,,,,
FVJN,2025-08-27 07:00,NSC,,,,,
FVJN,2025-08-27 09:00,,,,,,
FVJN,2025-08-27 10:00,,,,,,
FVJN,2025-08-27 11:00,,,,,,
FVJN,2025-08-27 12:00,,,,,,
FVJN,2025-08-27 13:00,,,,,,
FVJN,2025-08-27 14:00,,,,,,
FVJN,2025-08-27 15:00,NSC,,,,,
FVJN,2025-08-27 16:00,NSC,,,,,
FVJN,2025-08-28 03:00,,,,,,
FVJN,2025-08-28 04:00,,,,,,
FVJN,2025-08-28 05:00,,,,,,
FVJN,2025-08-28 06:00,,,,,,
FVJN,2025-08-28 07:00,,,,,,
FVJN,2025-08-28 09:00,,,,,,
FVJN,2025-08-28 10:00,,,,,,
FVJN,2025-08-28 11:00,,,,,,
FVJN,2025-08-28 12:00,,,,,,
FVJN,2025-08-28 13:00,,,,,,
FVJN,2025-08-28 14:00,,,,,,
FVJN,2025-08-28 15:00,,,,,,
FVJN,2025-08-29 04:00,,,,,,
FVJN,2025-08-29 05:00,,,,,,
FVJN,2025-08-29 06:00,,,,,,
FVJN,2025-08-29 07:00,,,,,,
FVJN,2025-08-29 08:00,,,,,,
FVJN,2025-08-29 09:00,,,,,,
FVJN,2025-08-29 10:00,,,,,,
FVJN,2025-08-29 11:00,,,,,,
FVJN,2025-08-29 12:00,,,,,,
FVJN,2025-08-29 13:00,,,,,,
FVJN,2025-08-29 14:00,,,,,,
FVJN,2025-08-29 15:00,,,,,,
FVJN,2025-08-29 16:00,,,,,,
FVJN,2025-08-29 17:00,,,,,,
FVJN,2025-08-30 03:00,,,,,,
FVJN,2025-08-30 05:00,,,,,,
FVJN,2025-08-30 06:00,,,,,,
FVJN,2025-09-01 11:00,,,,,,
FVJN,2025-09-01 12:00,,,,,,
FVJN,2025-09-01 13:00,,,,,,
FVJN,2025-09-01 14:00,,,,,,
FVJN,2025-09-01 15:00,,,,,,
FVJN,2025-09-01 16:00,,,,,,
FVJN,2025-09-01 17:00,,,,,,
FVJN,2025-09-02 03:00,,,,,,
FVJN,2025-09-02 04:00,,,,,,
FVJN,2025-09-02 05:00,,,,,,
FVJN,2025-09-02 06:00,,,,,,
FVJN,2025-09-02 07:00,,,,,,
FVJN,2025-09-02 08:00,,,,,,
FVJN,2025-09-02 09:00,,,,,,
FVJN,2025-09-02 10:00,,,,,,
FVJN,2025-09-02 11:00,,,,,,
FVJN,2025-09-02 12:00,,,,,,
FVJN,2025-09-02 13:00,,,,,,
FVJN,2025-09-02 14:00,,,,,,
FVJN,2025-09-02 15:00,,,,,,
FVJN,2025-09-02 16:00,,,,,,
FVJN,2025-09-03 03:00,,,,,,
FVJN,2025-09-03 04:00,,,,,,
FVJN,2025-09-03 05:00,,,,,,
FVJN,2025-09-03 06:00,,,,,,
FVJN,2025-09-03 10:00,,,,,,
FVJN,2025-09-05 05:00,,,,,,
FVJN,2025-09-05 06:00,,,,,,
FVJN,2025-09-05 07:00,,,,,,
FVJN,2025-09-05 08:00,,,,,,
FVJN,2025-09-05 09:00,,,,,,
FVJN,2025-09-05 10:00,,,,,,
FVJN,2025-09-05 11:00,,,,,,
FVJN,2025-09-05 12:00,,,,,,
FVJN,2025-09-05 13:00,,,,,,
FVJN,2025-09-05 14:00,,,,,,
FVJN,2025-09-05 15:00,,,,,,
FVJN,2025-09-06 04:00,,,,,,
FVJN,2025-09-06 06:00,,,,,,
FVJN,2025-09-06 08:00,,,,,,
FVJN,2025-09-06 09:00,,,,,,
FVJN,2025-09-06 10:00,,,,,,
FVJN,2025-09-06 11:00,,,,,,
FVJN,2025-09-06 12:00,,,,,,
FVJN,2025-09-06 13:00,,,,,,
FVJN,2025-09-06 14:00,,,,,,
FVJN,2025-09-06 15:00,,,,,,
FVJN,2025-09-06 16:00,,,,,,
FVJN,2025-09-07 03:00,,,,,,
FVJN,2025-09-07 04:00,,,,,,
FVJN,2025-09-07 05:00,,,,,,
FVJN,2025-09-07 06:00,,,,,,
FVJN,2025-09-07 07:00,,,,,,
FVJN,2025-09-07 08:00,,,,,,
FVJN,2025-09-07 09:00,,,,,,
FVJN,2025-09-07 10:00,,,,,,
FVJN,2025-09-07 11:00,,,,,,
FVJN,2025-09-07 12:00,,,,,,
FVJN,2025-09-07 13:00,,,,,,
FVJN,2025-09-07 14:00,,,,,,
FVJN,2025-09-07 15:00,,,,,,
FVJN,2025-09-07 16:00,,,,,,
FVJN,2025-09-08 03:00,,,,,,
FVJN,2025-09-08 04:00,,,,,,
FVJN,2025-09-08 05:00,,,,,,
FVJN,2025-09-08 06:00,,,,,,
FVJN,2025-09-08 07:00,,,,,,
FVJN,2025-09-08 08:00,,,,,,
FVJN,2025-09-08 11:00,,,,,,
FVJN,2025-09-08 13:00,,,,,,
FVJN,2025-09-08 14:00,,,,,,
FVJN,2025-09-09 08:00,,,,,,
FVJN,2025-09-09 12:00,,,,,,
FVJN,2025-09-11 08:00,,,,,,
FVJN,2025-09-11 09:00,,,,,,
FVJN,2025-09-11 10:00,,,,,,
FVJN,2025-09-11 11:00,,,,,,
FVJN,2025-09-11 12:00,,,,,,
FVJN,2025-09-11 13:00,,,,,,
FVJN,2025-09-11 15:00,,,,,,
FVJN,2025-09-11 16:00,,,,,,
FVJN,2025-09-12 04:00,,,,,,
FVJN,2025-09-12 05:00,,,,,,
FVJN,2025-09-12 06:00,,,,,,
FVJN,2025-09-12 07:00,,,,,,
FVJN,2025-09-12 08:00,,,,,,
FVJN,2025-09-12 09:00,,,,,,
FVJN,2025-09-12 10:00,,,,,,
FVJN,2025-09-12 11:00,,,,,,
FVJN,2025-09-12 12:00,,,,,,
FVJN,2025-09-12 13:00,,,,,,
FVJN,2025-09-12 14:00,,,,,,
FVJN,2025-09-12 15:00,,,,,,
FVJN,2025-09-12 16:00,,,,,,
FVJN,2025-09-13 03:00,,,,,,
FVJN,2025-09-13 04:00,,,,,,
FVJN,2025-09-13 05:00,,,,,,
FVJN,2025-09-13 06:00,,,,,,
FVJN,2025-09-13 07:00,,,,,,
FVJN,2025-09-14 04:00,,,,,,
FVJN,2025-09-14 05:00,,,,,,
FVJN,2025-09-14 10:00,,,,,,
FVJN,2025-09-14 11:00,,,,,,
FVJN,2025-09-14 12:00,,,,,,
FVJN,2025-09-15 07:00,,,,,,
FVJN,2025-09-16 16:00,,,,,,
FVJN,2025-09-17 06:00,,,,,,
FVJN,2025-09-17 07:00,,,,,,
FVJN,2025-09-17 08:00,,,,,,
FVJN,2025-09-17 09:00,,,,,,
FVJN,2025-09-17 10:00,,,,,,
FVJN,2025-09-17 11:00,,,,,,
FVJN,2025-09-17 12:00,,,,,,
FVJN,2025-09-17 13:00,,,,,,
FVJN,2025-09-17 14:00,,,,,,
FVJN,2025-09-17 15:00,,,,,,
FVJN,2025-09-17 16:00,,,,,,
FVJN,2025-09-18 03:00,,,,,,
FVJN,2025-09-18 06:00,,,,,,
FVJN,2025-09-18 08:00,,,,,,
FVJN,2025-09-18 10:00,,,,,,
FVJN,2025-09-18 12:00,NSC,,,,,
FVJN,2025-09-18 14:00,NSC,,,,,
FVJN,2025-09-18 15:00,NSC,,,,,
FVJN,2025-09-18 16:00,NSC,,,,,
FVJN,2025-09-19 04:00,,,,,,
FVJN,2025-09-19 06:00,,,,,,
FVJN,2025-09-19 07:00,,,,,,
FVJN,2025-09-19 09:00,,,,,,
FVJN,2025-09-19 10:00,,,,,,
FVJN,2025-09-19 11:00,,,,,,
FVJN,2025-09-19 12:00,,,,,,
FVJN,2025-09-19 13:00,,,,,,
FVJN,2025-09-19 14:00,,,,,,
FVJN,2025-09-19 15:00,,,,,,
FVJN,2025-09-19 16:00,,,,,,
FVJN,2025-09-20 03:00,,,,,,
FVJN,2025-09-20 06:00,FEW,,,3000.00,,
FVJN,2025-09-21 05:00,NSC,,,,,
FVJN,2025-09-21 06:00,NSC,,,,,
FVJN,2025-09-21 07:00,NSC,,,,,
FVJN,2025-09-21 14:00,,,,,,
FVJN,2025-09-21 15:00,,,,,,
FVJN,2025-09-22 08:00,,,,,,
FVJN,2025-09-22 09:00,,,,,,
FVJN,2025-09-22 10:00,,,,,,
FVJN,2025-09-22 11:00,,,,,,
FVJN,2025-09-22 12:00,,,,,,
FVJN,2025-09-22 13:00,,,,,,
FVJN,2025-09-22 14:00,,,,,,
FVJN,2025-09-22 15:00,,,,,,
FVJN,2025-09-22 16:00,,,,,,
FVJN,2025-09-23 04:00,,,,,,
FVJN,2025-09-23 05:00,,,,,,
FVJN,2025-09-23 06:00,,,,,,
FVJN,2025-09-23 07:00,,,,,,
FVJN,2025-09-23 08:00,,,,,,
FVJN,2025-09-23 09:00,,,,,,
FVJN,2025-09-23 10:00,,,,,,
FVJN,2025-09-23 11:00,,,,,,
FVJN,2025-09-23 12:00,,,,,,
FVJN,2025-09-23 13:00,,,,,,
FVJN,2025-09-23 14:00,,,,,,
FVJN,2025-09-23 15:00,,,,,,
FVJN,2025-09-23 16:00,,,,,,
FVJN,2025-09-24 03:00,,,,,,
FVJN,2025-09-24 05:00,,,,,,
FVJN,2025-09-24 06:00,,,,,,
FVJN,2025-09-24 07:00,,,,,,
FVJN,2025-09-24 08:00,,,,,,
FVJN,2025-09-24 09:00,,,,,,
FVJN,2025-09-24 10:00,,,,,,
FVJN,2025-09-24 12:00,,,,,,
FVJN,2025-09-24 13:00,,,,,,
FVJN,2025-09-24 14:00,,,,,,
FVJN,2025-09-24 15:00,,,,,,
FVJN,2025-09-25 04:00,,,,,,
FVJN,2025-09-25 05:00,,,,,,
FVJN,2025-09-25 06:00,,,,,,
FVJN,2025-09-25 09:00,SCT,,,2500.00,,
FVJN,2025-09-26 11:00,,,,,,
FVJN,2025-09-26 12:00,,,,,,
FVJN,2025-09-27 05:00,,,,,,
FVJN,2025-09-27 08:00,,,,,,
FVJN,2025-09-27 09:00,,,,,,
FVJN,2025-09-27 10:00,,,,,,
FVJN,2025-09-27 11:00,,,,,,
FVJN,2025-09-27 12:00,,,,,,
FVJN,2025-09-27 13:00,,,,,,
FVJN,2025-09-27 14:00,,,,,,
FVJN,2025-09-27 15:00,,,,,,
FVJN,2025-09-28 04:00,,,,,,
FVJN,2025-09-28 05:00,,,,,,
FVJN,2025-09-28 06:00,,,,,,
FVJN,2025-09-28 07:00,,,,,,
FVJN,2025-09-28 11:00,,,,,,
FVJN,2025-09-29 10:00,,,,,,
FVJN,2025-09-29 11:00,,,,,,
FVJN,2025-09-29 13:00,,,,,,
FVJN,2025-09-30 05:00,OVC,,,600.00,,
FVJN,2025-09-30 06:00,,,,,,
FVJN,2025-09-30 10:00,OVC,,,2000.00,,
FVJN,2025-09-30 12:00,OVC,,,2300.00,,
FVJN,2025-09-30 13:00,OVC,,,2500.00,,
FVJN,2025-09-30 14:00,OVC,,,2000.00,,
FVJN,2025-09-30 15:00,BKN,,,2000.00,,
FVJN,2025-10-01 03:00,BKN,,,600.00,,
FVJN,2025-10-01 04:00,OVC,,,600.00,,
FVJN,2025-10-01 05:00,OVC,,,800.00,,
FVJN,2025-10-01 07:00,BKN,,,1200.00,,
FVJN,2025-10-01 08:00,BKN,,,1600.00,,
FVJN,2025-10-01 10:00,BKN,,,2500.00,,
FVJN,2025-10-01 11:00,SCT,,,3000.00,,
FVJN,2025-10-01 12:00,FEW,,,4500.00,,
FVJN,2025-10-01 13:00,,,,,,
FVJN,2025-10-01 14:00,,,,,,
FVJN,2025-10-01 15:00,,,,,,
FVJN,2025-10-01 16:00,,,,,,
FVJN,2025-10-02 03:00,,,,,,
FVJN,2025-10-02 04:00,,,,,,
FVJN,2025-10-02 05:00,,,,,,
FVJN,2025-10-02 06:00,,,,,,
FVJN,2025-10-02 08:00,,,,,,
FVJN,2025-10-02 09:00,,,,,,
FVJN,2025-10-02 10:00,,,,,,
FVJN,2025-10-02 12:00,,,,,,
FVJN,2025-10-02 13:00,,,,,,
FVJN,2025-10-02 14:00,,,,,,
FVJN,2025-10-02 15:00,,,,,,
FVJN,2025-10-02 16:00,,,,,,
FVJN,2025-10-03 03:00,,,,,,
FVJN,2025-10-03 04:00,,,,,,
FVJN,2025-10-03 05:00,,,,,,
FVJN,2025-10-03 06:00,,,,,,
FVJN,2025-10-03 07:00,,,,,,
FVJN,2025-10-03 09:00,,,,,,
FVJN,2025-10-03 10:00,,,,,,
FVJN,2025-10-03 12:00,,,,,,
FVJN,2025-10-03 14:00,,,,,,
FVJN,2025-10-03 17:00,,,,,,
FVJN,2025-10-04 03:00,FEW,,,2000.00,,
FVJN,2025-10-04 04:00,FEW,,,2000.00,,
FVJN,2025-10-04 05:00,,,,,,
FVJN,2025-10-04 06:00,FEW,,,3000.00,,
FVJN,2025-10-04 07:00,FEW,,,3500.00,,
FVJN,2025-10-04 08:00,,,,,,
FVJN,2025-10-04 09:00,,,,,,
FVJN,2025-10-04 10:00,,,,,,
FVJN,2025-10-04 11:00,,,,,,
FVJN,2025-10-04 12:00,,,,,,
FVJN,2025-10-04 13:00,,,,,,
FVJN,2025-10-04 14:00,,,,,,
FVJN,2025-10-04 15:00,,,,,,
FVJN,2025-10-04 16:00,,,,,,
FVJN,2025-10-05 03:00,,,,,,
FVJN,2025-10-05 04:00,,,,,,
FVJN,2025-10-05 05:00,,,,,,
FVJN,2025-10-05 07:00,,,,,,
FVJN,2025-10-05 08:00,,,,,,
FVJN,2025-10-05 09:00,,,,,,
FVJN,2025-10-05 10:00,,,,,,
FVJN,2025-10-05 11:00,,,,,,
FVJN,2025-10-05 12:00,,,,,,
FVJN,2025-10-05 13:00,,,,,,
FVJN,2025-10-05 14:00,,,,,,
FVJN,2025-10-05 15:00,,,,,,
FVJN,2025-10-06 03:00,,,,,,
FVJN,2025-10-06 04:00,,,,,,
FVJN,2025-10-06 05:00,,,,,,
FVJN,2025-10-06 06:00,,,,,,
FVJN,2025-10-06 07:00,,,,,,
FVJN,2025-10-06 08:00,,,,,,
FVJN,2025-10-06 09:00,,,,,,
FVJN,2025-10-06 11:00,,,,,,
FVJN,2025-10-06 12:00,,,,,,
FVJN,2025-10-06 13:00,,,,,,
FVJN,2025-10-06 14:00,,,,,,
FVJN,2025-10-06 15:00,,,,,,
FVJN,2025-10-06 16:00,,,,,,
FVJN,2025-10-07 04:00,,,,,,
FVJN,2025-10-07 06:00,,,,,,
FVJN,2025-10-07 07:00,,,,,,
FVJN,2025-10-07 08:00,,,,,,
FVJN,2025-10-07 10:00,,,,,,
FVJN,2025-10-07 11:00,,,,,,
FVJN,2025-10-07 12:00,,,,,,
FVJN,2025-10-07 13:00,,,,,,
FVJN,2025-10-07 14:00,,,,,,
FVJN,2025-10-07 15:00,,,,,,
FVJN,2025-10-07 16:00,,,,,,
FVJN,2025-10-08 04:00,,,,,,
FVJN,2025-10-08 05:00,,,,,,
FVJN,2025-10-08 08:00,,,,,,
FVJN,2025-10-08 09:00,,,,,,
FVJN,2025-10-08 11:00,,,,,,
FVJN,2025-10-08 12:00,,,,,,
FVJN,2025-10-08 13:00,,,,,,
FVJN,2025-10-08 14:00,,,,,,
FVJN,2025-10-08 15:00,,,,,,
FVJN,2025-10-08 16:00,,,,,,
FVJN,2025-10-09 04:00,,,,,,
FVJN,2025-10-09 05:00,,,,,,
FVJN,2025-10-09 06:00,,,,,,
FVJN,2025-10-09 09:00,,,,,,
FVJN,2025-10-09 10:00,,,,,,
FVJN,2025-10-09 11:00,,,,,,
FVJN,2025-10-09 12:00,,,,,,
FVJN,2025-10-09 13:00,,,,,,
FVJN,2025-10-09 14:00,,,,,,
FVJN,2025-10-09 16:00,,,,,,
FVJN,2025-10-09 17:00,,,,,,
FVJN,2025-10-10 03:00,,,,,,
FVJN,2025-10-10 04:00,,,,,,
FVJN,2025-10-10 05:00,,,,,,
FVJN,2025-10-10 06:00,,,,,,
FVJN,2025-10-10 07:00,,,,,,
FVJN,2025-10-10 08:00,,,,,,
FVJN,2025-10-11 04:00,,,,,,
FVJN,2025-10-11 09:00,,,,,,
FVJN,2025-10-11 13:00,,,,,,
FVJN,2025-10-12 03:00,,,,,,
FVJN,2025-10-13 12:00,,,,,,
FVJN,2025-10-13 15:00,,,,,,
FVJN,2025-10-14 11:00,,,,,,
FVJN,2025-10-14 17:00,,,,,,
FVJN,2025-10-15 04:00,NSC,,,,,
FVJN,2025-10-15 06:00,NSC,,,,,
FVJN,2025-10-15 15:00,,,,,,
FVJN,2025-10-16 04:00,,,,,,
FVJN,2025-10-16 05:00,FEW,,,10000.00,,
FVJN,2025-10-16 06:00,NSC,,,,,
FVJN,2025-10-16 07:00,,,,,,
FVJN,2025-10-16 08:00,,,,,,
FVJN,2025-10-16 10:00,,,,,,
FVJN,2025-10-16 11:00,,,,,,
FVJN,2025-10-16 12:00,,,,,,
FVJN,2025-10-16 14:00,,,,,,
FVJN,2025-10-16 15:00,,,,,,
FVJN,2025-10-17 03:00,,,,,,
FVJN,2025-10-17 04:00,FEW,,,800.00,,
FVJN,2025-10-17 06:00,SCT,SCT,,1600.00,9000.00,
FVJN,2025-10-17 09:00,SCT,,,3500.00,,
FVJN,2025-10-17 10:00,FEW,,,4500.00,,
FVJN,2025-10-17 11:00,,,,,,
FVJN,2025-10-17 12:00,,,,,,
FVJN,2025-10-17 13:00,,,,,,
FVJN,2025-10-17 14:00,,,,,,
FVJN,2025-10-17 15:00,,,,,,
FVJN,2025-10-18 04:00,,,,,,
FVJN,2025-10-18 05:00,,,,,,
FVJN,2025-10-18 07:00,,,,,,
FVJN,2025-10-18 09:00,,,,,,
FVJN,2025-10-18 10:00,,,,,,
FVJN,2025-10-18 11:00,,,,,,
FVJN,2025-10-18 12:00,,,,,,
FVJN,2025-10-18 16:00,,,,,,
FVJN,2025-10-19 03:00,,,,,,
FVJN,2025-10-19 04:00,,,,,,
FVJN,2025-10-19 06:00,,,,,,
FVJN,2025-10-19 11:00,,,,,,
FVJN,2025-10-20 10:00,FEW,,,4500.00,,
FVJN,2025-10-20 12:00,FEW,,,4500.00,,
FVJN,2025-10-20 13:00,,,,,,
FVJN,2025-10-20 14:00,,,,,,
FVJN,2025-10-20 15:00,,,,,,
FVJN,2025-10-20 16:00,,,,,,
FVJN,2025-10-21 04:00,FEW,SCT,BKN,3000.00,3500.00,8000.00
FVJN,2025-10-21 05:00,FEW,BKN,,1000.00,8000.00,
FVJN,2025-10-21 06:00,FEW,BKN,,1000.00,10000.00,
FVJN,2025-10-21 07:00,FEW,SCT,,1000.00,10000.00,
FVJN,2025-10-21 09:00,FEW,,,2800.00,,
FVJN,2025-10-21 11:00,FEW,,,4500.00,,
FVJN,2025-10-21 12:00,FEW,,,4500.00,,
FVJN,2025-10-21 13:00,FEW,SCT,,4000.00,9000.00,
FVJN,2025-10-21 15:00,FEW,BKN,,4000.00,9000.00,
FVJN,2025-10-22 03:00,SCT,BKN,,1000.00,9000.00,
FVJN,2025-10-22 04:00,OVC,,,1000.00,,
FVJN,2025-10-22 05:00,OVC,,,1000.00,,
FVJN,2025-10-22 06:00,OVC,,,1000.00,,
FVJN,2025-10-22 08:00,OVC,,,1600.00,,
FVJN,2025-10-22 09:00,BKN,,,1800.00,,
FVJN,2025-10-22 10:00,BKN,,,2800.00,,
FVJN,2025-10-22 11:00,SCT,BKN,,3000.00,8000.00,
FVJN,2025-10-22 12:00,FEW,BKN,,3500.00,8000.00,
FVJN,2025-10-22 13:00,SCT,BKN,,3500.00,8000.00,
FVJN,2025-10-22 14:00,FEW,BKN,,3500.00,8000.00,
FVJN,2025-10-22 15:00,FEW,BKN,,3500.00,9000.00,
FVJN,2025-10-22 16:00,FEW,BKN,,3000.00,9000.00,
FVJN,2025-10-23 03:00,FEW,SCT,,4000.00,10000.00,
FVJN,2025-10-23 04:00,SCT,,,3000.00,,
FVJN,2025-10-23 05:00,SCT,,,3000.00,,
FVJN,2025-10-23 06:00,SCT,,,3000.00,,
FVJN,2025-10-23 07:00,FEW,BKN,,2000.00,3500.00,
FVJN,2025-10-23 09:00,FEW,BKN,,2000.00,2500.00,
FVJN,2025-10-23 10:00,FEW,FEW,BKN,600.00,2000.00,2500.00
FVJN,2025-10-23 11:00,FEW,SCT,,2500.00,3500.00,
FVJN,2025-10-23 13:00,FEW,SCT,,4000.00,9000.00,
FVJN,2025-10-23 14:00,FEW,BKN,,4000.00,9000.00,
FVJN,2025-10-23 15:00,FEW,BKN,,4000.00,8000.00,
FVJN,2025-10-24 04:00,,,,,,
FVJN,2025-10-24 05:00,,,,,,
FVJN,2025-10-24 07:00,,,,,,
FVJN,2025-10-24 08:00,,,,,,
FVJN,2025-10-24 09:00,,,,,,
FVJN,2025-10-24 10:00,,,,,,
FVJN,2025-10-24 11:00,,,,,,
FVJN,2025-10-24 12:00,,,,,,
FVJN,2025-10-24 13:00,,,,,,
FVJN,2025-10-24 14:00,,,,,,
FVJN,2025-10-24 15:00,,,,,,
FVJN,2025-10-24 16:00,,,,,,
FVJN,2025-10-25 03:00,,,,,,
FVJN,2025-10-25 04:00,,,,,,
FVJN,2025-10-25 05:00,,,,,,
FVJN,2025-10-25 08:00,,,,,,
FVJN,2025-10-25 09:00,,,,,,
FVJN,2025-10-25 10:00,,,,,,
FVJN,2025-10-25 12:00,,,,,,
FVJN,2025-10-25 13:00,,,,,,
FVJN,2025-10-25 14:00,,,,,,
FVJN,2025-10-25 15:00,,,,,,
FVJN,2025-10-25 17:00,,,,,,
FVJN,2025-10-26 03:00,,,,,,
FVJN,2025-10-26 04:00,,,,,,
FVJN,2025-10-26 06:00,,,,,,
FVJN,2025-10-26 08:00,,,,,,
FVJN,2025-10-26 09:00,,,,,,
FVJN,2025-10-26 10:00,,,,,,
FVJN,2025-10-26 11:00,,,,,,
FVJN,2025-10-26 15:00,,,,,,
FVJN,2025-10-26 16:00,,,,,,
FVJN,2025-10-26 17:00,,,,,,
FVJN,2025-10-27 06:00,,,,,,
FVJN,2025-10-27 07:00,,,,,,
FVJN,2025-10-27 09:00,,,,,,
FVJN,2025-10-27 11:00,,,,,,
FVJN,2025-10-27 12:00,,,,,,
FVJN,2025-10-27 14:00,,,,,,
FVJN,2025-10-27 15:00,,,,,,
FVJN,2025-10-27 16:00,,,,,,
FVJN,2025-10-28 04:00,FEW,BKN,,800.00,8000.00,
FVJN,2025-10-28 05:00,,,,,,
FVJN,2025-10-28 06:00,FEW,BKN,,500.00,8000.00,
FVJN,2025-10-28 07:00,SCT,BKN,,1000.00,8000.00,
FVJN,2025-10-28 08:00,BKN,BKN,,1000.00,8000.00,
FVJN,2025-10-28 09:00,BKN,,,1000.00,,
FVJN,2025-10-28 10:00,FEW,BKN,,500.00,1000.00,
FVJN,2025-10-28 11:00,FEW,BKN,,500.00,8000.00,
FVJN,2025-10-28 13:00,,,,,,
FVJN,2025-10-28 15:00,,,,,,
FVJN,2025-10-28 16:00,,,,,,
FVJN,2025-10-28 17:00,,,,,,
FVJN,2025-10-29 03:00,FEW,,,1000.00,,
FVJN,2025-10-29 06:00,,,,,,
FVJN,2025-10-29 08:00,,,,,,
FVJN,2025-10-29 09:00,,,,,,
FVJN,2025-10-29 10:00,,,,,,
FVJN,2025-10-29 12:00,,,,,,
FVJN,2025-10-29 13:00,,,,,,
FVJN,2025-10-29 14:00,,,,,,
FVJN,2025-10-29 15:00,,,,,,
FVJN,2025-10-29 16:00,,,,,,
FVJN,2025-10-30 03:00,,,,,,
FVJN,2025-10-30 04:00,,,,,,
FVJN,2025-10-30 05:00,,,,,,
FVJN,2025-10-30 06:00,,,,,,
FVJN,2025-10-30 07:00,,,,,,
FVJN,2025-10-30 08:00,,,,,,
FVJN,2025-10-30 09:00,,,,,,
FVJN,2025-10-30 10:00,,,,,,
FVJN,2025-10-30 12:00,,,,,,
FVJN,2025-10-30 13:00,,,,,,
FVJN,2025-10-30 14:00,,,,,,
FVJN,2025-10-30 15:00,,,,,,
FVJN,2025-10-30 16:00,,,,,,
FVJN,2025-10-31 04:00,,,,,,
FVJN,2025-10-31 05:00,SCT,,,1200.00,,
FVJN,2025-10-31 06:00,SCT,,,1500.00,,
FVJN,2025-10-31 08:00,FEW,,,3500.00,,
FVJN,2025-10-31 10:00,,,,,,
FVJN,2025-10-31 12:00,,,,,,
FVJN,2025-10-31 13:00,,,,,,
FVJN,2025-10-31 14:00,,,,,,
FVJN,2025-10-31 15:00,,,,,,
FVJN,2025-10-31 16:00,,,,,,
FVJN,2025-11-01 03:00,,,,,,
FVJN,2025-11-01 04:00,,,,,,
FVJN,2025-11-01 05:00,,,,,,
FVJN,2025-11-01 06:00,,,,,,
FVJN,2025-11-01 08:00,,,,,,
FVJN,2025-11-01 09:00,,,,,,
FVJN,2025-11-01 11:00,,,,,,
FVJN,2025-11-01 12:00,,,,,,
FVJN,2025-11-01 13:00,,,,,,
FVJN,2025-11-01 14:00,,,,,,
FVJN,2025-11-01 15:00,,,,,,
FVJN,2025-11-01 16:00,,,,,,
FVJN,2025-11-02 04:00,FEW,BKN,,600.00,8000.00,
FVJN,2025-11-02 05:00,FEW,BKN,,700.00,8000.00,
FVJN,2025-11-02 06:00,FEW,BKN,,700.00,8000.00,
FVJN,2025-11-02 08:00,,,,,,
FVJN,2025-11-02 09:00,,,,,,
FVJN,2025-11-02 10:00,,,,,,
FVJN,2025-11-02 12:00,,,,,,
FVJN,2025-11-02 13:00,,,,,,
FVJN,2025-11-02 15:00,FEW,BKN,,4500.00,8000.00,
FVJN,2025-11-02 16:00,FEW,BKN,,4500.00,8000.00,
FVJN,2025-11-03 04:00,BKN,FEW,BKN,800.00,,8000.00
FVJN,2025-11-03 09:00,BKN,,,1800.00,,
FVJN,2025-11-03 10:00,BKN,,,1900.00,,
FVJN,2025-11-03 12:00,FEW,,,2800.00,,
FVJN,2025-11-03 13:00,FEW,,,3000.00,,
FVJN,2025-11-03 14:00,FEW,SCT,,2500.00,8000.00,
FVJN,2025-11-03 15:00,FEW,BKN,,1500.00,8000.00,
FVJN,2025-11-04 04:00,BKN,BKN,,800.00,8000.00,
FVJN,2025-11-04 05:00,FEW,BKN,,800.00,1000.00,
FVJN,2025-11-04 06:00,BKN,SCT,,1200.00,8000.00,
FVJN,2025-11-04 09:00,BKN,,,3500.00,,
FVJN,2025-11-04 11:00,,,,,,
FVJN,2025-11-04 12:00,FEW,SCT,,5000.00,8000.00,
FVJN,2025-11-04 13:00,FEW,SCT,,5000.00,8000.00,
FVJN,2025-11-04 14:00,FEW,SCT,BKN,5000.00,6000.00,8000.00
FVJN,2025-11-04 15:00,FEW,SCT,BKN,5000.00,6000.00,8000.00
FVJN,2025-11-05 03:00,,,,,,
FVJN,2025-11-05 05:00,,,,,,
FVJN,2025-11-05 06:00,,,,,,
FVJN,2025-11-05 08:00,SCT,BKN,,3000.00,9000.00,
FVJN,2025-11-05 09:00,SCT,SCT,,3500.00,9000.00,
FVJN,2025-11-05 10:00,BKN,SCT,,4500.00,9000.00,
FVJN,2025-11-05 11:00,FEW,BKN,,4000.00,4500.00,
FVJN,2025-11-05 12:00,FEW,BKN,BKN,4000.00,4500.00,8000.00
FVJN,2025-11-05 13:00,FEW,SCT,BKN,4000.00,4500.00,8000.00
FVJN,2025-11-05 14:00,FEW,BKN,,4000.00,8000.00,
FVJN,2025-11-05 15:00,FEW,BKN,,4000.00,8000.00,
FVJN,2025-11-05 16:00,FEW,BKN,,4000.00,8000.00,
FVJN,2025-11-06 04:00,FEW,BKN,,800.00,8000.00,
FVJN,2025-11-06 05:00,BKN,BKN,,800.00,8000.00,
FVJN,2025-11-06 08:00,BKN,BKN,,2000.00,8000.00,
FVJN,2025-11-06 09:00,SCT,BKN,,3000.00,8000.00,
FVJN,2025-11-06 11:00,SCT,SCT,,3500.00,8000.00,
FVJN,2025-11-06 12:00,SCT,,,4500.00,,
FVJN,2025-11-06 13:00,FEW,SCT,,4000.00,4500.00,
FVJN,2025-11-06 14:00,FEW,BKN,,4000.00,30000.00,
FVJN,2025-11-06 15:00,FEW,BKN,,3500.00,30000.00,
FVJN,2025-11-07 04:00,FEW,BKN,,1500.00,8000.00,
FVJN,2025-11-07 05:00,FEW,BKN,,1500.00,8000.00,
FVJN,2025-11-07 07:00,BKN,BKN,,1200.00,8000.00,
FVJN,2025-11-07 09:00,BKN,BKN,,2200.00,8000.00,
FVJN,2025-11-07 10:00,BKN,BKN,,2200.00,8000.00,
FVJN,2025-11-07 12:00,BKN,BKN,,2500.00,8000.00,
FVJN,2025-11-07 13:00,BKN,BKN,,2500.00,8000.00,
FVJN,2025-11-07 14:00,BKN,BKN,,2500.00,8000.00,
FVJN,2025-11-07 15:00,SCT,BKN,,2500.00,8000.00,
FVJN,2025-11-07 16:00,FEW,BKN,,2500.00,8000.00,
FVJN,2025-11-08 05:00,SCT,BKN,,900.00,9000.00,
FVJN,2025-11-08 06:00,BKN,BKN,,900.00,9000.00,
FVJN,2025-11-08 07:00,BKN,BKN,,900.00,9000.00,
FVJN,2025-11-08 08:00,BKN,OVC,,900.00,9000.00,
FVJN,2025-11-08 10:00,BKN,BKN,,1500.00,9000.00,
FVJN,2025-11-08 11:00,FEW,OVC,,1500.00,9000.00,
FVJN,2025-11-08 12:00,FEW,OVC,,1500.00,8000.00,
FVJN,2025-11-08 13:00,OVC,,,8000.00,,
FVJN,2025-11-08 14:00,FEW,OVC,,500.00,8000.00,
FVJN,2025-11-08 15:00,FEW,OVC,,500.00,8000.00,
FVJN,2025-11-08 16:00,BKN,OVC,,500.00,8000.00,
FVJN,2025-11-09 03:00,,,,,,
FVJN,2025-11-09 05:00,FEW,BKN,,500.00,8000.00,
FVJN,2025-11-09 06:00,FEW,BKN,,500.00,8000.00,
FVJN,2025-11-09 08:00,FEW,BKN,,1500.00,8000.00,
FVJN,2025-11-09 09:00,SCT,BKN,,2000.00,8000.00,
FVJN,2025-11-09 10:00,SCT,BKN,,2500.00,8000.00,
FVJN,2025-11-09 11:00,SCT,BKN,,2500.00,8000.00,
FVJN,2025-11-09 12:00,SCT,BKN,,2500.00,8000.00,
FVJN,2025-11-09 13:00,BKN,BKN,,3000.00,8000.00,
FVJN,2025-11-09 14:00,BKN,BKN,,3000.00,8000.00,
FVJN,2025-11-09 15:00,BKN,BKN,,3000.00,8000.00,
FVJN,2025-11-09 16:00,BKN,BKN,,3000.00,8000.00,
FVJN,2025-11-10 04:00,BKN,,,8000.00,,
FVJN,2025-11-10 06:00,FEW,BKN,,800.00,8000.00,
FVJN,2025-11-10 08:00,FEW,SCT,,1500.00,8000.00,
FVJN,2025-11-10 09:00,SCT,,,3000.00,,
FVJN,2025-11-10 10:00,SCT,SCT,,4000.00,8000.00,
FVJN,2025-11-10 11:00,SCT,,,4500.00,,
FVJN,2025-11-10 12:00,SCT,,,5000.00,,
FVJN,2025-11-10 13:00,BKN,,,5000.00,,
FVJN,2025-11-10 15:00,FEW,SCT,BKN,4500.00,5000.00,30000.00
FVJN,2025-11-10 16:00,FEW,BKN,,4500.00,30000.00,
FVJN,2025-11-11 03:00,,,,,,
FVJN,2025-11-11 04:00,,,,,,
FVJN,2025-11-11 05:00,,,,,,
FVJN,2025-11-11 06:00,,,,,,
FVJN,2025-11-11 08:00,SCT,SCT,,3500.00,10000.00,
FVJN,2025-11-11 09:00,SCT,,,3500.00,,
FVJN,2025-11-11 10:00,SCT,SCT,,4000.00,10000.00,
FVJN,2025-11-11 12:00,FEW,SCT,,4000.00,4500.00,
FVJN,2025-11-11 13:00,FEW,SCT,,4000.00,4500.00,
FVJN,2025-11-11 14:00,FEW,FEW,SCT,800.00,4000.00,4500.00
FVJN,2025-11-11 15:00,FEW,FEW,BKN,500.00,4000.00,4500.00
FVJN,2025-11-11 16:00,FEW,FEW,BKN,500.00,4000.00,4500.00
FVJN,2025-11-12 04:00,,,,,,
FVJN,2025-11-12 05:00,FEW,BKN,,1400.00,35000.00,
FVJN,2025-11-12 06:00,FEW,,,2000.00,,
FVJN,2025-11-12 07:00,FEW,,,3000.00,,
FVJN,2025-11-12 08:00,SCT,,,3500.00,,
FVJN,2025-11-12 09:00,SCT,SCT,,3800.00,30000.00,
FVJN,2025-11-12 10:00,SCT,SCT,,4500.00,30000.00,
FVJN,2025-11-12 11:00,BKN,SCT,,4000.00,30000.00,
FVJN,2025-11-12 12:00,BKN,,,4000.00,,
FVJN,2025-11-12 13:00,FEW,SCT,,4500.00,8000.00,
FVJN,2025-11-12 15:00,FEW,BKN,,4500.00,9000.00,
FVJN,2025-11-13 03:00,,,,,,
FVJN,2025-11-13 04:00,,,,,,
FVJN,2025-11-13 05:00,,,,,,
FVJN,2025-11-13 06:00,,,,,,
FVJN,2025-11-13 08:00,FEW,,,4000.00,,
FVJN,2025-11-13 09:00,,,,,,
FVJN,2025-11-13 10:00,,,,,,
FVJN,2025-11-13 11:00,SCT,,,6000.00,,
FVJN,2025-11-13 12:00,FEW,,,6000.00,,
FVJN,2025-11-13 13:00,FEW,SCT,,6000.00,7000.00,
FVJN,2025-11-13 14:00,FEW,SCT,,6000.00,7000.00,
FVJN,2025-11-13 16:00,FEW,,,6000.00,,
FVJN,2025-11-14 03:00,,,,,,
FVJN,2025-11-14 04:00,BKN,BKN,,800.00,30000.00,
FVJN,2025-11-14 05:00,BKN,,,1000.00,,
FVJN,2025-11-14 07:00,BKN,SCT,,1800.00,30000.00,
FVJN,2025-11-14 09:00,BKN,,,2000.00,,
FVJN,2025-11-14 10:00,BKN,,,2000.00,,
FVJN,2025-11-14 11:00,BKN,,,2000.00,,
FVJN,2025-11-14 12:00,SCT,SCT,,3500.00,30000.00,
FVJN,2025-11-14 13:00,FEW,BKN,,4000.00,30000.00,
FVJN,2025-11-14 14:00,FEW,BKN,,4000.00,30000.00,
FVJN,2025-11-14 15:00,FEW,BKN,,4000.00,30000.00,
FVJN,2025-11-15 03:00,,,,,,
FVJN,2025-11-15 04:00,,,,,,
FVJN,2025-11-15 05:00,,,,,,
FVJN,2025-11-15 06:00,,,,,,
FVJN,2025-11-15 08:00,SCT,BKN,,2500.00,10000.00,
FVJN,2025-11-15 09:00,BKN,BKN,,3000.00,10000.00,
FVJN,2025-11-15 10:00,FEW,BKN,BKN,3000.00,3500.00,8000.00
FVJN,2025-11-15 11:00,FEW,BKN,BKN,3000.00,3500.00,8000.00
FVJN,2025-11-15 12:00,FEW,SCT,BKN,3000.00,3500.00,8000.00
FVJN,2025-11-15 13:00,FEW,BKN,,3000.00,8000.00,
FVJN,2025-11-15 14:00,FEW,BKN,,3000.00,8000.00,
FVJN,2025-11-15 15:00,FEW,BKN,,3000.00,8000.00,
FVJN,2025-11-15 16:00,FEW,BKN,,3000.00,8000.00,
FVJN,2025-11-16 03:00,BKN,,,8000.00,,
FVJN,2025-11-16 04:00,SCT,BKN,,500.00,8000.00,
FVJN,2025-11-16 05:00,SCT,BKN,,500.00,8000.00,
FVJN,2025-11-16 06:00,FEW,BKN,,800.00,8000.00,
FVJN,2025-11-16 07:00,FEW,BKN,,1000.00,8000.00,
FVJN,2025-11-16 08:00,BKN,,,1500.00,,
FVJN,2025-11-16 09:00,BKN,,,2000.00,,
FVJN,2025-11-16 10:00,BKN,,,2000.00,,
FVJN,2025-11-16 11:00,FEW,SCT,,2500.00,3000.00,
FVJN,2025-11-16 12:00,FEW,SCT,,2500.00,3000.00,
FVJN,2025-11-16 13:00,FEW,SCT,BKN,2500.00,3000.00,8000.00
FVJN,2025-11-16 14:00,FEW,BKN,,2500.00,8000.00,
FVJN,2025-11-16 15:00,FEW,BKN,,2500.00,8000.00,
FVJN,2025-11-16 16:00,FEW,BKN,,2500.00,8000.00,
FVJN,2025-11-17 06:00,FEW,OVC,,600.00,7000.00,
FVJN,2025-11-17 08:00,BKN,OVC,,600.00,7000.00,
FVJN,2025-11-17 09:00,BKN,BKN,,1200.00,8000.00,
FVJN,2025-11-17 11:00,BKN,BKN,,2000.00,9000.00,
FVJN,2025-11-17 12:00,BKN,,,2000.00,,
FVJN,2025-11-17 13:00,BKN,,,2000.00,,
FVJN,2025-11-17 14:00,BKN,,,1800.00,,
FVJN,2025-11-17 16:00,OVC,,,1000.00,,
FVJN,2025-11-18 04:00,BKN,,,800.00,,
FVJN,2025-11-18 05:00,OVC,,,600.00,,
FVJN,2025-11-18 06:00,OVC,,,600.00,,
FVJN,2025-11-18 07:00,OVC,,,800.00,,
FVJN,2025-11-18 09:00,BKN,,,1400.00,,
FVJN,2025-11-18 10:00,BKN,,,2000.00,,
FVJN,2025-11-18 12:00,BKN,,,2200.00,,
FVJN,2025-11-18 13:00,BKN,,,2500.00,,
FVJN,2025-11-18 14:00,BKN,,,2500.00,,
FVJN,2025-11-18 15:00,FEW,BKN,,2500.00,30000.00,
FVJN,2025-11-19 06:00,BKN,,,800.00,,
FVJN,2025-11-19 07:00,BKN,BKN,,1200.00,30000.00,
FVJN,2025-11-19 09:00,BKN,,,1500.00,,
FVJN,2025-11-19 10:00,BKN,,,2000.00,,
FVJN,2025-11-19 11:00,BKN,,,3000.00,,
FVJN,2025-11-19 12:00,SCT,,,3500.00,,
FVJN,2025-11-19 13:00,FEW,,,3500.00,,
FVJN,2025-11-19 14:00,FEW,,,4000.00,,
FVJN,2025-11-19 15:00,FEW,,,4000.00,,
FVJN,2025-11-19 16:00,FEW,,,4000.00,,
FVJN,2025-11-20 04:00,SCT,,,800.00,,
FVJN,2025-11-20 05:00,FEW,,,1000.00,,
FVJN,2025-11-20 06:00,BKN,,,1400.00,,
FVJN,2025-11-20 08:00,FEW,,,3000.00,,
FVJN,2025-11-20 09:00,FEW,,,4000.00,,
FVJN,2025-11-20 10:00,FEW,,,4500.00,,
FVJN,2025-11-20 11:00,,,,,,
FVJN,2025-11-20 12:00,,,,,,
FVJN,2025-11-20 13:00,,,,,,
FVJN,2025-11-20 14:00,,,,,,
FVJN,2025-11-20 15:00,,,,,,
FVJN,2025-11-20 16:00,,,,,,
FVJN,2025-11-21 03:00,,,,,,
FVJN,2025-11-21 04:00,,,,,,
FVJN,2025-11-21 05:00,,,,,,
FVJN,2025-11-21 06:00,,,,,,
FVJN,2025-11-21 08:00,,,,,,
FVJN,2025-11-21 09:00,,,,,,
FVJN,2025-11-21 10:00,,,,,,
FVJN,2025-11-21 11:00,,,,,,
FVJN,2025-11-21 12:00,,,,,,
FVJN,2025-11-21 13:00,,,,,,
FVJN,2025-11-21 14:00,,,,,,
FVJN,2025-11-21 15:00,,,,,,
FVJN,2025-11-21 16:00,,,,,,
FVJN,2025-11-22 03:00,,,,,,
FVJN,2025-11-22 04:00,,,,,,
FVJN,2025-11-22 05:00,,,,,,
FVJN,2025-11-22 06:00,,,,,,
FVJN,2025-11-22 07:00,,,,,,
FVJN,2025-11-22 08:00,FEW,,,3500.00,,
FVJN,2025-11-22 09:00,SCT,,,4000.00,,
FVJN,2025-11-22 10:00,BKN,,,4000.00,,
FVJN,2025-11-22 12:00,FEW,BKN,,4000.00,4500.00,
FVJN,2025-11-22 13:00,FEW,SCT,,4000.00,4500.00,
FVJN,2025-11-22 14:00,FEW,,,4000.00,,
FVJN,2025-11-22 15:00,FEW,,,4500.00,,
FVJN,2025-11-22 16:00,FEW,,,4500.00,,
FVJN,2025-11-23 03:00,,,,,,
FVJN,2025-11-23 04:00,,,,,,
FVJN,2025-11-23 06:00,,,,,,
FVJN,2025-11-23 07:00,,,,,,
FVJN,2025-11-23 08:00,,,,,,
FVJN,2025-11-23 09:00,,,,,,
FVJN,2025-11-23 10:00,,,,,,
FVJN,2025-11-23 12:00,FEW,SCT,,4000.00,4500.00,
FVJN,2025-11-23 13:00,FEW,,,4000.00,,
FVJN,2025-11-23 15:00,FEW,,,4500.00,,
FVJN,2025-11-23 16:00,FEW,,,4500.00,,
FVJN,2025-11-24 03:00,,,,,,
FVJN,2025-11-24 04:00,,,,,,
FVJN,2025-11-24 05:00,,,,,,
FVJN,2025-11-24 06:00,,,,,,
FVJN,2025-11-24 07:00,,,,,,
FVJN,2025-11-24 08:00,FEW,,,,,
FVJN,2025-11-24 09:00,FEW,,,4500.00,,
FVJN,2025-11-24 10:00,FEW,,,4500.00,,
FVJN,2025-11-24 12:00,FEW,SCT,BKN,4500.00,5000.00,8000.00
FVJN,2025-11-24 13:00,FEW,SCT,BKN,4500.00,5000.00,8000.00
FVJN,2025-11-24 14:00,FEW,OVC,,4500.00,8000.00,
FVJN,2025-11-24 15:00,FEW,BKN,,4500.00,8000.00,
FVJN,2025-11-25 03:00,,,,,,
FVJN,2025-11-25 04:00,,,,,,
FVJN,2025-11-25 06:00,FEW,BKN,,2000.00,30000.00,
FVJN,2025-11-25 07:00,FEW,BKN,,2500.00,30000.00,
FVJN,2025-11-25 09:00,FEW,SCT,,4500.00,30000.00,
FVJN,2025-11-25 10:00,,,,,,
FVJN,2025-11-25 11:00,FEW,SCT,,4500.00,5000.00,
FVJN,2025-11-25 12:00,FEW,SCT,,4500.00,5000.00,
FVJN,2025-11-25 13:00,FEW,BKN,,4500.00,5000.00,
FVJN,2025-11-25 14:00,FEW,FEW,SCT,500.00,4500.00,5000.00
FVJN,2025-11-25 15:00,FEW,FEW,SCT,500.00,4500.00,5000.00
FVJN,2025-11-25 16:00,FEW,FEW,OVC,500.00,4500.00,8000.00
FVJN,2025-11-26 03:00,,,,,,
FVJN,2025-11-26 04:00,,,,,,
FVJN,2025-11-26 05:00,,,,,,
FVJN,2025-11-26 06:00,,,,,,
FVJN,2025-11-26 07:00,,,,,,
FVJN,2025-11-26 08:00,FEW,BKN,,2000.00,8000.00,
FVJN,2025-11-26 09:00,FEW,BKN,,3000.00,8000.00,
FVJN,2025-11-26 10:00,SCT,BKN,,3000.00,8000.00,
FVJN,2025-11-26 11:00,SCT,SCT,,3500.00,8000.00,
FVJN,2025-11-26 12:00,SCT,,,3800.00,,
FVJN,2025-11-26 13:00,SCT,,,3800.00,,
FVJN,2025-11-26 15:00,FEW,,,3200.00,,
FVJN,2025-11-26 16:00,FEW,,,3200.00,,
FVJN,2025-11-27 04:00,,,,,,
FVJN,2025-11-27 06:00,FEW,BKN,,1500.00,9000.00,
FVJN,2025-11-27 07:00,FEW,BKN,,3500.00,10000.00,
FVJN,2025-11-27 08:00,FEW,BKN,,4500.00,10000.00,
FVJN,2025-11-27 09:00,FEW,BKN,,4000.00,10000.00,
FVJN,2025-11-27 10:00,FEW,BKN,,4500.00,10000.00,
FVJN,2025-11-27 12:00,FEW,,,4000.00,,
FVJN,2025-11-27 13:00,FEW,,,4000.00,,
FVJN,2025-11-27 14:00,FEW,SCT,BKN,4000.00,8000.00,30000.00
FVJN,2025-11-27 15:00,FEW,BKN,SCT,4000.00,8000.00,30000.00
FVJN,2025-11-27 16:00,FEW,BKN,,4000.00,8000.00,
FVJN,2025-11-28 03:00,,,,,,
FVJN,2025-11-28 04:00,,,,,,
FVJN,2025-11-28 05:00,,,,,,
FVJN,2025-11-28 06:00,,,,,,
FVJN,2025-11-28 07:00,,,,,,
FVJN,2025-11-28 08:00,FEW,,,3500.00,,
FVJN,2025-11-28 09:00,,,,,,
FVJN,2025-11-28 13:00,FEW,SCT,SCT,3500.00,8000.00,30000.00
FVJN,2025-11-28 14:00,FEW,BKN,,3500.00,8000.00,
FVJN,2025-11-28 16:00,FEW,SCT,BKN,3500.00,8000.00,30000.00
FVJN,2025-11-29 03:00,,,,,,
FVJN,2025-11-29 04:00,,,,,,
FVJN,2025-11-29 05:00,,,,,,
FVJN,2025-11-29 06:00,,,,,,
FVJN,2025-11-29 07:00,,,,,,
FVJN,2025-11-29 08:00,FEW,,,3500.00,,
FVJN,2025-11-29 09:00,SCT,,,4000.00,,
FVJN,2025-11-29 10:00,FEW,SCT,,3000.00,3500.00,
FVJN,2025-11-29 12:00,FEW,BKN,,3000.00,8000.00,
FVJN,2025-11-29 14:00,FEW,FEW,BKN,500.00,3000.00,8000.00
FVJN,2025-11-29 16:00,,,,,,
FVJN,2025-11-30 03:00,,,,,,
FVJN,2025-11-30 04:00,,,,,,
FVJN,2025-11-30 06:00,,,,,,
FVJN,2025-11-30 07:00,,,,,,
FVJN,2025-11-30 08:00,,,,,,
FVJN,2025-11-30 09:00,FEW,SCT,,4000.00,9000.00,
FVJN,2025-11-30 10:00,FEW,,,4000.00,,
FVJN,2025-11-30 12:00,FEW,,,4500.00,,
FVJN,2025-11-30 13:00,FEW,,,4500.00,,
FVJN,2025-11-30 14:00,FEW,SCT,,4500.00,30000.00,
FVJN,2025-11-30 15:00,FEW,SCT,,4500.00,30000.00,
FVJN,2025-11-30 16:00,FEW,BKN,,4500.00,30000.00,
FVJN,2025-12-01 03:00,FEW,,,600.00,,
FVJN,2025-12-01 04:00,FEW,,,800.00,,
FVJN,2025-12-01 06:00,FEW,,,1800.00,,
FVJN,2025-12-01 07:00,FEW,,,2500.00,,
FVJN,2025-12-01 08:00,FEW,,,3800.00,,
FVJN,2025-12-01 09:00,SCT,,,4500.00,,
FVJN,2025-12-01 10:00,SCT,,,4500.00,,
FVJN,2025-12-01 12:00,FEW,BKN,,4000.00,4500.00,
FVJN,2025-12-01 13:00,FEW,SCT,BKN,4000.00,4500.00,9000.00
FVJN,2025-12-01 14:00,FEW,BKN,,3500.00,8000.00,
FVJN,2025-12-01 15:00,FEW,BKN,,3500.00,8000.00,
FVJN,2025-12-02 03:00,,,,,,
FVJN,2025-12-02 04:00,,,,,,
FVJN,2025-12-02 05:00,,,,,,
FVJN,2025-12-02 06:00,,,,,,
FVJN,2025-12-02 07:00,,,,,,
FVJN,2025-12-03 09:00,FEW,SCT,,3000.00,3500.00,
FVJN,2025-12-03 10:00,FEW,BKN,,3000.00,3500.00,
FVJN,2025-12-03 11:00,FEW,BKN,,3000.00,3500.00,
FVJN,2025-12-03 12:00,FEW,BKN,,3000.00,3500.00,
FVJN,2025-12-03 13:00,FEW,BKN,,3000.00,3500.00,
FVJN,2025-12-03 14:00,FEW,SCT,,3000.00,3500.00,
FVJN,2025-12-03 16:00,FEW,BKN,,3000.00,8000.00,
FVJN,2025-12-03 17:00,FEW,BKN,,3000.00,8000.00,
FVJN,2025-12-04 03:00,FEW,BKN,,800.00,8000.00,
FVJN,2025-12-04 04:00,FEW,SCT,,800.00,8000.00,
FVJN,2025-12-04 05:00,SCT,,,1000.00,,
FVJN,2025-12-04 06:00,BKN,,,1600.00,,
FVJN,2025-12-04 07:00,SCT,,,2500.00,,
FVJN,2025-12-04 08:00,SCT,,,3000.00,,
FVJN,2025-12-04 09:00,SCT,,,3500.00,,
FVJN,2025-12-04 10:00,SCT,,,4000.00,,
FVJN,2025-12-04 11:00,SCT,,,4500.00,,
FVJN,2025-12-04 12:00,SCT,,,4500.00,,
FVJN,2025-12-04 13:00,SCT,,,4500.00,,
FVJN,2025-12-04 14:00,,,,,,
FVJN,2025-12-04 15:00,,,,,,
FVJN,2025-12-04 16:00,,,,,,
FVJN,2025-12-05 04:00,BKN,,,600.00,,
FVJN,2025-12-05 05:00,BKN,,,1000.00,,
FVJN,2025-12-06 08:00,SCT,,,3500.00,,
FVJN,2025-12-06 09:00,SCT,,,4500.00,,
FVJN,2025-12-06 10:00,,,,,,
FVJN,2025-12-06 11:00,,,,,,
FVJN,2025-12-06 12:00,,,,,,
FVJN,2025-12-06 13:00,,,,,,
FVJN,2025-12-06 14:00,,,,,,
FVJN,2025-12-06 15:00,,,,,,
FVJN,2025-12-06 16:00,FEW,,,7000.00,,
FVJN,2025-12-07 03:00,,,,,,
FVJN,2025-12-07 04:00,,,,,,
FVJN,2025-12-07 05:00,SCT,BKN,,1000.00,9000.00,
FVJN,2025-12-07 06:00,SCT,BKN,,1500.00,9000.00,
FVJN,2025-12-07 07:00,FEW,BKN,,2000.00,9000.00,
FVJN,2025-12-07 08:00,FEW,SCT,BKN,2000.00,2500.00,8000.00
FVJN,2025-12-07 09:00,FEW,BKN,BKN,2000.00,2500.00,8000.00
FVJN,2025-12-07 10:00,FEW,SCT,BKN,2000.00,2500.00,8000.00
FVJN,2025-12-07 11:00,FEW,BKN,BKN,2000.00,2500.00,8000.00
FVJN,2025-12-07 12:00,FEW,SCT,BKN,2000.00,2500.00,30000.00
FVJN,2025-12-07 13:00,FEW,SCT,BKN,2000.00,8000.00,30000.00
FVJN,2025-12-07 14:00,FEW,BKN,,2000.00,8000.00,
FVJN,2025-12-07 15:00,FEW,BKN,,2000.00,8000.00,
FVJN,2025-12-07 17:00,FEW,BKN,,2000.00,8000.00,
FVJN,2025-12-08 03:00,,,,,,
FVJN,2025-12-08 04:00,,,,,,
FVJN,2025-12-08 05:00,FEW,BKN,,1000.00,30000.00,
FVJN,2025-12-08 06:00,FEW,SCT,BKN,1500.00,9000.00,30000.00
FVJN,2025-12-08 07:00,FEW,SCT,,1500.00,8000.00,
FVJN,2025-12-08 08:00,BKN,BKN,,2000.00,8000.00,
FVJN,2025-12-08 09:00,SCT,BKN,,2000.00,8000.00,
FVJN,2025-12-08 10:00,FEW,SCT,BKN,2000.00,2500.00,8000.00
FVJN,2025-12-08 11:00,FEW,BKN,BKN,2000.00,2500.00,8000.00
FVJN,2025-12-08 12:00,FEW,BKN,BKN,2000.00,2500.00,8000.00
FVJN,2025-12-08 14:00,FEW,BKN,,2000.00,8000.00,
FVJN,2025-12-08 16:00,FEW,BKN,,2000.00,8000.00,
FVJN,2025-12-09 04:00,,,,,,
FVJN,2025-12-09 05:00,,,,,,
FVJN,2025-12-09 06:00,FEW,BKN,,1000.00,8000.00,
FVJN,2025-12-09 07:00,FEW,BKN,,1500.00,8000.00,
FVJN,2025-12-09 08:00,FEW,BKN,,2000.00,8000.00,
FVJN,2025-12-09 10:00,FEW,SCT,BKN,2500.00,3000.00,9000.00
FVJN,2025-12-09 11:00,FEW,SCT,BKN,2500.00,3000.00,9000.00
FVJN,2025-12-09 15:00,FEW,BKN,,3000.00,30000.00,
FVJN,2025-12-09 16:00,FEW,BKN,,3000.00,30000.00,
FVJN,2025-12-09 17:00,FEW,BKN,,4000.00,30000.00,
FVJN,2025-12-10 03:00,,,,,,
FVJN,2025-12-10 06:00,FEW,SCT,,1000.00,30000.00,
FVJN,2025-12-10 08:00,FEW,,,3000.00,,
FVJN,2025-12-10 09:00,FEW,,,3500.00,,
FVJN,2025-12-10 10:00,FEW,SCT,,3000.00,3500.00,
FVJN,2025-12-10 11:00,FEW,SCT,BKN,3000.00,3500.00,8000.00
FVJN,2025-12-10 12:00,FEW,BKN,,3000.00,8000.00,
FVJN,2025-12-10 13:00,FEW,BKN,,3000.00,8000.00,
FVJN,2025-12-10 15:00,FEW,BKN,,3000.00,8000.00,
FVJN,2025-12-10 16:00,FEW,BKN,,3000.00,8000.00,
FVJN,2025-12-11 03:00,SCT,,,800.00,,
FVJN,2025-12-11 04:00,FEW,,,800.00,,
FVJN,2025-12-11 06:00,SCT,,,1200.00,,
FVJN,2025-12-11 07:00,SCT,,,2000.00,,
FVJN,2025-12-11 08:00,SCT,,,2500.00,,
FVJN,2025-12-11 09:00,SCT,,,3000.00,,
FVJN,2025-12-11 10:00,SCT,,,3000.00,,
FVJN,2025-12-11 11:00,SCT,,,3500.00,,
FVJN,2025-12-11 12:00,SCT,,,4000.00,,
FVJN,2025-12-11 13:00,SCT,,,4500.00,,
FVJN,2025-12-11 14:00,,,,,,
FVJN,2025-12-11 15:00,,,,,,
FVJN,2025-12-11 16:00,,,,,,
FVJN,2025-12-12 03:00,,,,,,
FVJN,2025-12-12 04:00,,,,,,
FVJN,2025-12-12 05:00,FEW,BKN,,1000.00,30000.00,
FVJN,2025-12-12 06:00,FEW,BKN,,2000.00,30000.00,
FVJN,2025-12-12 07:00,FEW,BKN,,2500.00,30000.00,
FVJN,2025-12-12 08:00,FEW,BKN,,2500.00,30000.00,
FVJN,2025-12-12 09:00,FEW,BKN,,3000.00,30000.00,
FVJN,2025-12-12 10:00,FEW,BKN,,3500.00,30000.00,
FVJN,2025-12-12 11:00,FEW,BKN,,3500.00,30000.00,
FVJN,2025-12-12 12:00,SCT,BKN,,4000.00,30000.00,
FVJN,2025-12-12 13:00,SCT,BKN,,4000.00,30000.00,
FVJN,2025-12-12 14:00,SCT,BKN,,4000.00,30000.00,
FVJN,2025-12-12 15:00,FEW,BKN,,4000.00,30000.00,
FVJN,2025-12-12 16:00,FEW,BKN,,4000.00,30000.00,
FVJN,2025-12-13 03:00,,,,,,
FVJN,2025-12-13 04:00,,,,,,
FVJN,2025-12-13 05:00,,,,,,
FVJN,2025-12-13 06:00,FEW,,,2000.00,,
FVJN,2025-12-13 07:00,FEW,,,2500.00,,
FVJN,2025-12-13 08:00,SCT,,,3000.00,,
FVJN,2025-12-13 09:00,SCT,,,3500.00,,
FVJN,2025-12-13 10:00,SCT,,,4000.00,,
FVJN,2025-12-13 11:00,SCT,,,4000.00,,
FVJN,2025-12-13 12:00,SCT,,,4500.00,,
FVJN,2025-12-13 13:00,SCT,,,4500.00,,
FVJN,2025-12-13 14:00,SCT,,,4500.00,,
FVJN,2025-12-13 15:00,FEW,SCT,,4500.00,30000.00,
FVJN,2025-12-13 16:00,FEW,BKN,,4500.00,30000.00,
FVJN,2025-12-14 04:00,,,,,,
FVJN,2025-12-14 05:00,,,,,,
FVJN,2025-12-14 06:00,BKN,,,8000.00,,
FVJN,2025-12-14 07:00,FEW,BKN,,1000.00,8000.00,
FVJN,2025-12-14 08:00,FEW,BKN,,1500.00,8000.00,
FVJN,2025-12-14 09:00,BKN,BKN,,1500.00,8000.00,
FVJN,2025-12-14 12:00,FEW,SCT,BKN,3000.00,3500.00,8000.00
FVJN,2025-12-14 13:00,FEW,SCT,BKN,3000.00,3500.00,8000.00
FVJN,2025-12-14 14:00,SCT,BKN,,3500.00,8000.00,
FVJN,2025-12-14 15:00,FEW,SCT,BKN,800.00,3500.00,8000.00
FVJN,2025-12-14 16:00,FEW,BKN,,3000.00,8000.00,
FVJN,2025-12-15 03:00,FEW,SCT,,800.00,8000.00,
FVJN,2025-12-15 04:00,FEW,SCT,,800.00,8000.00,
FVJN,2025-12-15 05:00,FEW,SCT,,1500.00,8000.00,
FVJN,2025-12-15 08:00,BKN,,,2500.00,,
FVJN,2025-12-15 09:00,SCT,,,3000.00,,
FVJN,2025-12-15 10:00,SCT,SCT,,3000.00,8000.00,
FVJN,2025-12-15 11:00,SCT,SCT,,4000.00,30000.00,
FVJN,2025-12-15 12:00,SCT,SCT,,4500.00,30000.00,
FVJN,2025-12-15 13:00,FEW,BKN,,4500.00,30000.00,
FVJN,2025-12-15 14:00,FEW,BKN,,4500.00,30000.00,
FVJN,2025-12-15 15:00,FEW,SCT,,4500.00,30000.00,
FVJN,2025-12-15 16:00,FEW,SCT,,4000.00,30000.00,
FVJN,2025-12-16 04:00,,,,,,
FVJN,2025-12-16 05:00,FEW,,,1000.00,,
FVJN,2025-12-16 06:00,FEW,,,2000.00,,
FVJN,2025-12-16 07:00,FEW,SCT,,2500.00,30000.00,
FVJN,2025-12-16 08:00,SCT,SCT,,3000.00,30000.00,
FVJN,2025-12-16 09:00,SCT,SCT,,3500.00,30000.00,
FVJN,2025-12-16 11:00,FEW,BKN,,3000.00,3500.00,
FVJN,2025-12-16 13:00,FEW,SCT,BKN,3000.00,3500.00,8000.00
FVJN,2025-12-16 14:00,FEW,SCT,BKN,3000.00,3500.00,8000.00
FVJN,2025-12-16 15:00,FEW,SCT,BKN,3000.00,3500.00,8000.00
FVJN,2025-12-16 16:00,FEW,OVC,,3000.00,8000.00,
FVJN,2025-12-17 04:00,,,,,,
FVJN,2025-12-17 05:00,,,,,,
FVJN,2025-12-17 06:00,,,,,,
FVJN,2025-12-17 07:00,FEW,BKN,,1500.00,8000.00,
FVJN,2025-12-17 08:00,FEW,BKN,,2000.00,8000.00,
FVJN,2025-12-17 09:00,SCT,BKN,,2000.00,8000.00,
FVJN,2025-12-17 12:00,FEW,BKN,,2000.00,2500.00,
FVJN,2025-12-17 14:00,FEW,BKN,,2000.00,2500.00,
FVJN,2025-12-17 15:00,FEW,BKN,,2000.00,8000.00,
FVJN,2025-12-17 16:00,FEW,BKN,,2000.00,8000.00,
FVJN,2025-12-18 03:00,,,,,,
FVJN,2025-12-18 04:00,,,,,,
FVJN,2025-12-18 05:00,FEW,BKN,,400.00,9000.00,
FVJN,2025-12-18 06:00,FEW,BKN,,400.00,9000.00,
FVJN,2025-12-18 08:00,SCT,SCT,,2000.00,10000.00,
FVJN,2025-12-18 09:00,SCT,,,2500.00,,
FVJN,2025-12-18 10:00,SCT,,,3000.00,,
FVJN,2025-12-18 11:00,SCT,,,3000.00,,
FVJN,2025-12-18 12:00,FEW,SCT,,3000.00,3500.00,
FVJN,2025-12-18 13:00,FEW,SCT,,3000.00,3500.00,
FVJN,2025-12-18 14:00,FEW,SCT,,3000.00,30000.00,
FVJN,2025-12-18 15:00,FEW,SCT,,3000.00,8000.00,
FVJN,2025-12-18 16:00,FEW,SCT,BKN,3000.00,3500.00,8000.00
FVJN,2025-12-19 05:00,SCT,SCT,,700.00,30000.00,
FVJN,2025-12-19 06:00,BKN,,,800.00,,
FVJN,2025-12-19 07:00,BKN,,,900.00,,
FVJN,2025-12-19 08:00,BKN,BKN,,1500.00,8000.00,
FVJN,2025-12-19 09:00,BKN,,,2500.00,,
FVJN,2025-12-19 10:00,FEW,BKN,,2500.00,3000.00,
FVJN,2025-12-19 11:00,FEW,SCT,,2500.00,3000.00,
FVJN,2025-12-19 12:00,FEW,,,3000.00,,
FVJN,2025-12-19 13:00,FEW,SCT,,3000.00,3500.00,
FVJN,2025-12-20 04:00,FEW,SCT,,800.00,10000.00,
FVJN,2025-12-20 06:00,BKN,,,800.00,,
FVJN,2025-12-21 06:00,BKN,BKN,,800.00,8000.00,
FVJN,2025-12-21 07:00,BKN,BKN,,600.00,8000.00,
FVJN,2025-12-21 08:00,BKN,OVC,,600.00,8000.00,
FVJN,2025-12-21 10:00,SCT,BKN,,1500.00,8000.00,
FVJN,2025-12-21 11:00,SCT,SCT,,1500.00,8000.00,
FVJN,2025-12-21 12:00,SCT,SCT,,2500.00,8000.00,
FVJN,2025-12-21 13:00,FEW,BKN,,2500.00,3000.00,
FVJN,2025-12-21 16:00,FEW,BKN,,2500.00,8000.00,
FVJN,2025-12-22 03:00,FEW,BKN,,500.00,8000.00,
FVJN,2025-12-22 04:00,SCT,BKN,,500.00,8000.00,
FVJN,2025-12-22 05:00,FEW,BKN,,500.00,8000.00,
FVJN,2025-12-22 08:00,BKN,BKN,,1300.00,8000.00,
FVJN,2025-12-22 10:00,SCT,BKN,,2500.00,8000.00,
FVJN,2025-12-22 11:00,FEW,SCT,,2500.00,3000.00,
FVJN,2025-12-22 12:00,FEW,SCT,BKN,3000.00,3500.00,30000.00
FVJN,2025-12-22 13:00,FEW,FEW,BKN,800.00,3000.00,30000.00
FVJN,2025-12-22 14:00,FEW,FEW,BKN,800.00,3000.00,8000.00
FVJN,2025-12-22 15:00,FEW,BKN,,3000.00,8000.00,
FVJN,2025-12-25 07:00,BKN,,,800.00,,
FVJN,2025-12-25 08:00,BKN,,,1500.00,,
FVJN,2025-12-25 09:00,BKN,,,1500.00,,
FVJN,2025-12-25 11:00,BKN,,,2200.00,,
FVJN,2025-12-25 12:00,BKN,,,2200.00,,
FVJN,2025-12-25 13:00,BKN,,,2500.00,,
FVJN,2025-12-25 14:00,BKN,,,2500.00,,
FVJN,2025-12-25 16:00,BKN,,,2000.00,,
FVJN,2025-12-26 04:00,FEW,SCT,,800.00,30000.00,
FVJN,2025-12-26 06:00,BKN,,,800.00,,
FVJN,2025-12-26 08:00,OVC,,,1200.00,,
FVJN,2025-12-26 10:00,OVC,,,1800.00,,
FVJN,2025-12-26 15:00,FEW,SCT,,3800.00,30000.00,
FVJN,2025-12-26 16:00,FEW,SCT,,3800.00,30000.00,
FVJN,2025-12-27 03:00,,,,,,
FVJN,2025-12-27 04:00,,,,,,
FVJN,2025-12-27 05:00,SCT,,,800.00,,
FVJN,2025-12-27 06:00,FEW,,,1500.00,,
FVJN,2025-12-27 07:00,FEW,,,2500.00,,
FVJN,2025-12-27 08:00,FEW,,,3500.00,,
FVJN,2025-12-27 09:00,FEW,,,4500.00,,
FVJN,2025-12-27 10:00,FEW,,,4800.00,,
FVJN,2025-12-27 11:00,,,,,,
FVJN,2025-12-27 13:00,,,,,,
FVJN,2025-12-27 15:00,,,,,,
FVJN,2025-12-27 16:00,,,,,,
FVJN,2025-12-27 17:00,,,,,,
FVJN,2025-12-27 18:00,,,,,,
FVJN,2025-12-28 03:00,,,,,,
FVJN,2025-12-28 04:00,,,,,,
FVJN,2025-12-28 06:00,FEW,BKN,,2000.00,30000.00,
FVJN,2025-12-28 08:00,FEW,BKN,,4000.00,30000.00,
FVJN,2025-12-28 09:00,FEW,BKN,,4500.00,30000.00,
FVJN,2025-12-28 10:00,,,,,,
FVJN,2025-12-28 11:00,,,,,,
FVJN,2025-12-28 12:00,,,,,,
FVJN,2025-12-28 13:00,,,,,,
FVJN,2025-12-28 14:00,,,,,,
FVJN,2025-12-28 15:00,,,,,,
FVJN,2025-12-28 16:00,,,,,,
FVJN,2025-12-29 10:00,BKN,,,3500.00,,
FVJN,2025-12-29 13:00,FEW,BKN,,4000.00,4500.00,
FVJN,2025-12-29 14:00,FEW,SCT,,4000.00,4500.00,
FVJN,2025-12-29 16:00,FEW,BKN,,4000.00,30000.00,
FVJN,2025-12-30 03:00,BKN,,,500.00,,
FVJN,2025-12-30 04:00,FEW,,,500.00,,
FVJN,2025-12-30 06:00,BKN,,,800.00,,
FVJN,2025-12-30 07:00,BKN,,,1000.00,,
FVJN,2025-12-30 08:00,BKN,,,2000.00,,
FVJN,2025-12-30 09:00,BKN,,,2000.00,,
FVJN,2025-12-30 10:00,SCT,BKN,,400.00,2000.00,
FVJN,2025-12-30 11:00,BKN,BKN,,1000.00,2000.00,
FVJN,2025-12-30 12:00,SCT,SCT,,2000.00,8000.00,
FVJN,2025-12-30 14:00,FEW,,,2000.00,,
FVJN,2025-12-30 15:00,FEW,SCT,,2000.00,8000.00,
FVJN,2025-12-30 16:00,FEW,,,2000.00,,
FVJN,2025-12-31 03:00,,,,,,
FVJN,2025-12-31 04:00,,,,,,
FVJN,2025-12-31 05:00,,,,,,
FVJN,2025-12-31 06:00,,,,,,
FVJN,2025-12-31 08:00,,,,,,
FVJN,2025-12-31 09:00,,,,,,
FVJN,2025-12-31 10:00,,,,,,
FVJN,2025-12-31 12:00,,,,,,
FVJN,2025-12-31 13:00,,,,,,
FVJN,2025-12-31 14:00,,,,,,
FVJN,2025-12-31 15:00,,,,,,
FVJN,2025-12-31 16:00,,,,,,
