station,valid,skyc1,skyc2,skyc3,skyl1,skyl2,skyl3
WAHI,2025-10-31 00:30,FEW,,,2000.00,,
WAHI,2025-10-31 01:30,FEW,,,2000.00,,
WAHI,2025-10-31 02:30,FEW,,,1800.00,,
WAHI,2025-10-31 03:30,FEW,,,1800.00,,
WAHI,2025-10-31 04:30,FEW,,,1800.00,,
WAHI,2025-10-31 05:30,FEW,,,1800.00,,
WAHI,2025-10-31 06:30,BKN,,,1700.00,,
WAHI,2025-10-31 07:30,BKN,,,1700.00,,
WAHI,2025-10-31 08:30,SCT,,,1700.00,,
WAHI,2025-10-31 09:30,SCT,,,1700.00,,
WAHI,2025-10-31 10:30,BKN,,,1600.00,,
WAHI,2025-10-31 11:30,BKN,,,1600.00,,
WAHI,2025-10-31 12:30,BKN,,,1500.00,,
WAHI,2025-10-31 13:30,SCT,,,1600.00,,
WAHI,2025-10-31 14:30,SCT,,,1700.00,,
WAHI,2025-10-31 15:30,FEW,,,1700.00,,
WAHI,2025-10-31 16:30,SCT,,,1700.00,,
WAHI,2025-10-31 17:30,FEW,,,1700.00,,
WAHI,2025-10-31 18:30,FEW,,,1700.00,,
WAHI,2025-10-31 19:30,FEW,,,1700.00,,
WAHI,2025-10-31 20:30,FEW,,,1700.00,,
WAHI,2025-10-31 21:30,FEW,,,1700.00,,
WAHI,2025-10-31 22:30,FEW,,,1700.00,,
WAHI,2025-10-31 23:30,FEW,,,1800.00,,
WAHI,2025-11-01 00:30,FEW,,,1800.00,,
WAHI,2025-11-01 01:30,FEW,,,2000.00,,
WAHI,2025-11-01 02:30,FEW,,,2000.00,,
WAHI,2025-11-01 03:30,FEW,,,2000.00,,
WAHI,2025-11-01 04:30,FEW,,,2000.00,,
WAHI,2025-11-01 05:30,FEW,,,2000.00,,
WAHI,2025-11-01 06:30,FEW,SCT,,1700.00,1800.00,
WAHI,2025-11-01 07:30,SCT,,,1800.00,,
WAHI,2025-11-01 08:30,SCT,,,1800.00,,
WAHI,2025-11-01 09:30,SCT,,,1800.00,,
WAHI,2025-11-01 10:30,SCT,,,1800.00,,
WAHI,2025-11-01 11:30,SCT,,,1800.00,,
WAHI,2025-11-01 12:30,BKN,,,1700.00,,
WAHI,2025-11-01 13:30,SCT,,,1700.00,,
WAHI,2025-11-01 14:30,FEW,,,1500.00,,
WAHI,2025-11-01 15:30,FEW,BKN,,1500.00,1700.00,
WAHI,2025-11-01 16:00,FEW,BKN,,1500.00,1700.00,
WAHI,2025-11-01 17:30,SCT,,,1700.00,,
WAHI,2025-11-01 18:30,BKN,,,1500.00,,
WAHI,2025-11-01 19:30,BKN,,,1500.00,,
WAHI,2025-11-01 20:30,BKN,,,1500.00,,
WAHI,2025-11-01 21:30,BKN,,,1500.00,,
WAHI,2025-11-01 22:30,BKN,,,1500.00,,
WAHI,2025-11-01 23:30,SCT,,,1800.00,,
WAHI,2025-11-02 00:30,SCT,,,1800.00,,
WAHI,2025-11-02 01:30,SCT,,,1800.00,,
WAHI,2025-11-02 02:30,SCT,,,1800.00,,
WAHI,2025-11-02 03:30,SCT,,,1700.00,,
WAHI,2025-11-02 04:30,SCT,,,1800.00,,
WAHI,2025-11-02 05:30,SCT,,,1800.00,,
WAHI,2025-11-02 06:30,SCT,,,1800.00,,
WAHI,2025-11-02 07:30,SCT,,,1800.00,,
WAHI,2025-11-02 08:30,SCT,,,1800.00,,
WAHI,2025-11-02 09:30,FEW,,,1900.00,,
WAHI,2025-11-02 10:30,FEW,,,1900.00,,
WAHI,2025-11-02 11:30,FEW,,,1800.00,,
WAHI,2025-11-02 12:30,FEW,,,1800.00,,
WAHI,2025-11-02 13:30,FEW,,,1800.00,,
WAHI,2025-11-02 14:30,FEW,,,1800.00,,
WAHI,2025-11-02 15:30,FEW,,,1800.00,,
WAHI,2025-11-02 16:30,SCT,,,1800.00,,
WAHI,2025-11-02 17:30,FEW,SCT,,1800.00,1800.00,
WAHI,2025-11-02 18:30,SCT,,,1800.00,,
WAHI,2025-11-02 19:30,SCT,,,1700.00,,
WAHI,2025-11-02 20:30,SCT,,,1800.00,,
WAHI,2025-11-02 22:30,FEW,,,1800.00,,
WAHI,2025-11-02 23:30,FEW,,,1800.00,,
WAHI,2025-11-03 00:30,FEW,SCT,,1700.00,1800.00,
WAHI,2025-11-03 01:30,FEW,,,1800.00,,
WAHI,2025-11-03 02:30,FEW,,,1700.00,,
WAHI,2025-11-03 03:30,FEW,,,2000.00,,
WAHI,2025-11-03 04:30,FEW,,,2000.00,,
WAHI,2025-11-03 05:30,FEW,,,2000.00,,
WAHI,2025-11-03 06:30,FEW,,,2000.00,,
WAHI,2025-11-03 07:30,FEW,,,2000.00,,
WAHI,2025-11-03 08:30,FEW,,,2000.00,,
WAHI,2025-11-03 09:30,SCT,,,1800.00,,
WAHI,2025-11-03 10:30,SCT,,,1800.00,,
WAHI,2025-11-03 11:30,SCT,,,1800.00,,
WAHI,2025-11-03 12:30,SCT,,,1800.00,,
WAHI,2025-11-03 13:30,SCT,,,1800.00,,
WAHI,2025-11-03 14:30,FEW,,,1900.00,,
WAHI,2025-11-03 15:30,FEW,,,2000.00,,
WAHI,2025-11-03 16:30,FEW,,,2000.00,,
WAHI,2025-11-03 17:30,FEW,,,2000.00,,
WAHI,2025-11-03 18:30,FEW,,,2000.00,,
WAHI,2025-11-03 19:00,FEW,,,2000.00,,
WAHI,2025-11-03 20:30,FEW,,,2000.00,,
WAHI,2025-11-03 21:30,FEW,FEW,,1800.00,1800.00,
WAHI,2025-11-03 22:30,FEW,,,1900.00,,
WAHI,2025-11-03 23:30,SCT,,,1800.00,,
WAHI,2025-11-04 00:30,SCT,,,1800.00,,
WAHI,2025-11-04 01:30,FEW,,,2000.00,,
WAHI,2025-11-04 02:30,FEW,,,2000.00,,
WAHI,2025-11-04 03:30,FEW,,,2000.00,,
WAHI,2025-11-04 04:30,FEW,,,2000.00,,
WAHI,2025-11-04 05:30,FEW,,,1900.00,,
WAHI,2025-11-04 06:30,FEW,,,1600.00,,
WAHI,2025-11-04 07:30,FEW,,,1900.00,,
WAHI,2025-11-04 08:30,FEW,,,1800.00,,
WAHI,2025-11-04 09:30,FEW,,,1900.00,,
WAHI,2025-11-04 10:30,SCT,,,1900.00,,
WAHI,2025-11-04 11:30,SCT,,,1800.00,,
WAHI,2025-11-04 12:30,SCT,,,1800.00,,
WAHI,2025-11-04 13:30,SCT,,,1800.00,,
WAHI,2025-11-04 14:30,SCT,,,1800.00,,
WAHI,2025-11-04 15:30,SCT,,,1800.00,,
WAHI,2025-11-04 16:30,SCT,,,1800.00,,
WAHI,2025-11-04 17:30,SCT,,,1800.00,,
WAHI,2025-11-04 18:30,SCT,,,1800.00,,
WAHI,2025-11-04 19:30,SCT,,,1800.00,,
WAHI,2025-11-04 20:30,SCT,,,1800.00,,
WAHI,2025-11-04 21:30,SCT,,,1800.00,,
WAHI,2025-11-04 22:30,FEW,,,2000.00,,
WAHI,2025-11-04 23:30,FEW,,,2000.00,,
WAHI,2025-11-05 00:30,FEW,,,2000.00,,
WAHI,2025-11-05 01:30,FEW,,,2000.00,,
WAHI,2025-11-05 02:30,FEW,,,2000.00,,
WAHI,2025-11-05 03:30,SCT,,,1700.00,,
WAHI,2025-11-05 04:30,FEW,BKN,,1600.00,1700.00,
WAHI,2025-11-05 05:30,BKN,,,1600.00,,
WAHI,2025-11-05 06:30,SCT,,,1800.00,,
WAHI,2025-11-05 07:30,SCT,,,1800.00,,
WAHI,2025-11-05 08:30,SCT,,,1700.00,,
WAHI,2025-11-05 09:30,SCT,,,1900.00,,
WAHI,2025-11-05 10:30,SCT,,,1700.00,,
WAHI,2025-11-05 11:30,FEW,,,1800.00,,
WAHI,2025-11-05 12:30,BKN,,,1500.00,,
WAHI,2025-11-05 13:30,SCT,,,1800.00,,
WAHI,2025-11-05 14:30,FEW,,,1600.00,,
WAHI,2025-11-05 15:30,SCT,,,1800.00,,
WAHI,2025-11-05 16:30,SCT,,,1800.00,,
WAHI,2025-11-05 17:30,SCT,,,2000.00,,
WAHI,2025-11-05 18:00,SCT,,,1800.00,,
WAHI,2025-11-05 19:30,SCT,,,1900.00,,
WAHI,2025-11-05 20:30,SCT,,,2000.00,,
WAHI,2025-11-05 21:30,SCT,,,2000.00,,
WAHI,2025-11-05 22:30,SCT,,,2000.00,,
WAHI,2025-11-05 23:30,SCT,,,2000.00,,
WAHI,2025-11-06 00:30,FEW,,,2000.00,,
WAHI,2025-11-06 01:30,FEW,,,1800.00,,
WAHI,2025-11-06 02:30,FEW,,,1800.00,,
WAHI,2025-11-06 03:30,FEW,,,1800.00,,
WAHI,2025-11-06 04:30,FEW,,,1800.00,,
WAHI,2025-11-06 05:30,SCT,,,1800.00,,
WAHI,2025-11-06 06:30,FEW,BKN,,1500.00,1700.00,
WAHI,2025-11-06 07:30,BKN,,,1700.00,,
WAHI,2025-11-06 08:30,SCT,,,1700.00,,
WAHI,2025-11-06 09:30,SCT,,,1700.00,,
WAHI,2025-11-06 10:30,SCT,,,1700.00,,
WAHI,2025-11-06 11:30,SCT,,,1700.00,,
WAHI,2025-11-06 12:30,SCT,,,1700.00,,
WAHI,2025-11-06 13:30,SCT,,,1700.00,,
WAHI,2025-11-06 14:30,SCT,,,1700.00,,
WAHI,2025-11-06 15:30,SCT,,,1800.00,,
WAHI,2025-11-06 16:30,FEW,,,2000.00,,
WAHI,2025-11-06 17:30,FEW,,,2000.00,,
WAHI,2025-11-06 18:30,FEW,,,2000.00,,
WAHI,2025-11-06 19:30,FEW,,,2000.00,,
WAHI,2025-11-06 20:30,SCT,,,2000.00,,
WAHI,2025-11-06 21:30,FEW,,,2000.00,,
WAHI,2025-11-06 22:30,FEW,,,2000.00,,
WAHI,2025-11-06 23:30,FEW,,,2000.00,,
WAHI,2025-11-07 00:30,FEW,,,2000.00,,
WAHI,2025-11-07 01:30,FEW,,,2000.00,,
WAHI,2025-11-07 02:30,FEW,,,2000.00,,
WAHI,2025-11-07 03:30,FEW,,,2000.00,,
WAHI,2025-11-07 04:30,FEW,,,2000.00,,
WAHI,2025-11-07 05:30,FEW,,,2000.00,,
WAHI,2025-11-07 06:30,FEW,,,2000.00,,
WAHI,2025-11-07 07:30,FEW,,,2000.00,,
WAHI,2025-11-07 08:30,FEW,,,2000.00,,
WAHI,2025-11-07 09:30,FEW,,,1800.00,,
WAHI,2025-11-07 10:30,FEW,,,1800.00,,
WAHI,2025-11-07 11:30,SCT,,,1600.00,,
WAHI,2025-11-07 12:30,SCT,,,1700.00,,
WAHI,2025-11-07 13:30,SCT,,,1700.00,,
WAHI,2025-11-07 14:30,FEW,,,1700.00,,
WAHI,2025-11-07 15:30,FEW,,,1800.00,,
WAHI,2025-11-07 16:30,FEW,,,1800.00,,
WAHI,2025-11-07 17:30,SCT,,,1800.00,,
WAHI,2025-11-07 18:30,FEW,,,1800.00,,
WAHI,2025-11-07 19:30,FEW,,,1900.00,,
WAHI,2025-11-07 20:30,FEW,,,1900.00,,
WAHI,2025-11-07 21:30,FEW,,,1900.00,,
WAHI,2025-11-07 22:30,FEW,,,1900.00,,
WAHI,2025-11-07 23:30,FEW,,,1900.00,,
WAHI,2025-11-08 00:30,FEW,,,1900.00,,
WAHI,2025-11-08 01:30,FEW,,,1900.00,,
WAHI,2025-11-08 02:30,FEW,,,1900.00,,
WAHI,2025-11-08 03:30,FEW,,,1900.00,,
WAHI,2025-11-08 04:30,FEW,SCT,,1500.00,1700.00,
WAHI,2025-11-08 05:30,SCT,,,1700.00,,
WAHI,2025-11-08 06:30,FEW,SCT,,1500.00,1700.00,
WAHI,2025-11-08 07:30,SCT,,,1600.00,,
WAHI,2025-11-08 08:30,FEW,BKN,,1400.00,1500.00,
WAHI,2025-11-08 09:30,FEW,BKN,,1400.00,1600.00,
WAHI,2025-11-08 10:30,FEW,BKN,,1300.00,1400.00,
WAHI,2025-11-08 11:30,FEW,BKN,,1300.00,1500.00,
WAHI,2025-11-08 12:30,FEW,BKN,,1300.00,1500.00,
WAHI,2025-11-08 13:30,BKN,,,1700.00,,
WAHI,2025-11-08 14:30,BKN,,,1700.00,,
WAHI,2025-11-08 15:30,SCT,,,1700.00,,
WAHI,2025-11-08 16:30,SCT,,,1800.00,,
WAHI,2025-11-08 17:30,SCT,,,1800.00,,
WAHI,2025-11-08 18:30,SCT,,,1800.00,,
WAHI,2025-11-08 19:30,SCT,,,1800.00,,
WAHI,2025-11-08 20:30,SCT,,,1800.00,,
WAHI,2025-11-08 21:30,SCT,,,1800.00,,
WAHI,2025-11-08 22:30,SCT,,,1800.00,,
WAHI,2025-11-08 23:30,SCT,,,1700.00,,
WAHI,2025-11-09 00:30,SCT,,,1700.00,,
WAHI,2025-11-09 01:30,FEW,,,1800.00,,
WAHI,2025-11-09 02:30,SCT,,,1800.00,,
WAHI,2025-11-09 03:30,SCT,,,1800.00,,
WAHI,2025-11-09 04:30,FEW,,,1800.00,,
WAHI,2025-11-09 05:30,FEW,,,1800.00,,
WAHI,2025-11-09 06:30,FEW,,,1800.00,,
WAHI,2025-11-09 07:30,SCT,,,1800.00,,
WAHI,2025-11-09 08:30,SCT,,,1700.00,,
WAHI,2025-11-09 09:30,SCT,,,1700.00,,
WAHI,2025-11-09 10:30,SCT,,,1700.00,,
WAHI,2025-11-09 11:30,BKN,,,1800.00,,
WAHI,2025-11-09 12:30,BKN,,,1800.00,,
WAHI,2025-11-09 13:30,SCT,,,1800.00,,
WAHI,2025-11-09 14:30,SCT,,,1800.00,,
WAHI,2025-11-09 15:30,SCT,,,1900.00,,
WAHI,2025-11-09 16:30,SCT,,,1900.00,,
WAHI,2025-11-09 17:30,SCT,,,1900.00,,
WAHI,2025-11-09 18:30,SCT,,,1900.00,,
WAHI,2025-11-09 19:30,BKN,,,1700.00,,
WAHI,2025-11-09 20:30,SCT,,,1700.00,,
WAHI,2025-11-09 21:30,FEW,,,1800.00,,
WAHI,2025-11-09 22:30,FEW,,,1800.00,,
WAHI,2025-11-09 23:30,FEW,,,1800.00,,
WAHI,2025-11-10 00:30,FEW,,,1800.00,,
WAHI,2025-11-10 01:30,FEW,,,1800.00,,
WAHI,2025-11-10 02:30,FEW,,,1800.00,,
WAHI,2025-11-10 03:30,FEW,,,1800.00,,
WAHI,2025-11-10 04:30,FEW,,,1900.00,,
WAHI,2025-11-10 05:30,FEW,,,1800.00,,
WAHI,2025-11-10 06:30,FEW,,,1800.00,,
WAHI,2025-11-10 07:30,FEW,,,1800.00,,
WAHI,2025-11-10 08:30,FEW,,,1800.00,,
WAHI,2025-11-10 09:30,FEW,,,1800.00,,
WAHI,2025-11-10 10:30,SCT,,,1800.00,,
WAHI,2025-11-10 11:30,SCT,,,1800.00,,
WAHI,2025-11-10 12:30,BKN,,,1800.00,,
WAHI,2025-11-10 13:30,FEW,BKN,,1300.00,1500.00,
WAHI,2025-11-10 14:30,FEW,BKN,,1300.00,1500.00,
WAHI,2025-11-10 15:30,BKN,,,1500.00,,
WAHI,2025-11-10 16:30,FEW,BKN,,1200.00,1300.00,
WAHI,2025-11-10 17:30,BKN,,,1500.00,,
WAHI,2025-11-10 18:30,BKN,,,1500.00,,
WAHI,2025-11-10 19:30,BKN,,,1600.00,,
WAHI,2025-11-10 20:30,BKN,,,1600.00,,
WAHI,2025-11-10 21:30,BKN,,,1600.00,,
WAHI,2025-11-10 22:30,FEW,,,1800.00,,
WAHI,2025-11-10 23:30,SCT,,,1800.00,,
WAHI,2025-11-11 00:30,SCT,,,1800.00,,
WAHI,2025-11-11 01:30,SCT,,,1800.00,,
WAHI,2025-11-11 02:30,SCT,,,1800.00,,
WAHI,2025-11-11 03:30,SCT,,,1800.00,,
WAHI,2025-11-11 04:30,BKN,,,1800.00,,
WAHI,2025-11-11 05:30,SCT,,,1800.00,,
WAHI,2025-11-11 06:30,SCT,,,1800.00,,
WAHI,2025-11-11 07:30,SCT,,,1800.00,,
WAHI,2025-11-11 08:30,SCT,,,1800.00,,
WAHI,2025-11-11 09:30,SCT,,,1800.00,,
WAHI,2025-11-11 10:30,SCT,,,1800.00,,
WAHI,2025-11-11 11:30,SCT,,,1700.00,,
WAHI,2025-11-11 12:30,BKN,,,1700.00,,
WAHI,2025-11-11 13:30,BKN,,,1500.00,,
WAHI,2025-11-11 14:30,BKN,,,1700.00,,
WAHI,2025-11-11 15:30,BKN,,,1700.00,,
WAHI,2025-11-11 16:30,BKN,,,1700.00,,
WAHI,2025-11-11 17:30,BKN,,,1700.00,,
WAHI,2025-11-11 18:30,BKN,,,1700.00,,
WAHI,2025-11-11 19:30,SCT,,,1700.00,,
WAHI,2025-11-11 20:30,SCT,,,1700.00,,
WAHI,2025-11-11 21:30,SCT,,,1700.00,,
WAHI,2025-11-11 22:30,FEW,,,1800.00,,
WAHI,2025-11-11 23:30,FEW,,,1800.00,,
WAHI,2025-11-12 00:30,FEW,,,1800.00,,
WAHI,2025-11-12 01:30,SCT,,,1800.00,,
WAHI,2025-11-12 02:30,SCT,,,1800.00,,
WAHI,2025-11-12 03:30,SCT,,,1800.00,,
WAHI,2025-11-12 04:30,SCT,,,1800.00,,
WAHI,2025-11-12 05:30,SCT,,,1800.00,,
WAHI,2025-11-12 06:30,SCT,,,1800.00,,
WAHI,2025-11-12 07:30,SCT,,,1800.00,,
WAHI,2025-11-12 08:30,SCT,,,1800.00,,
WAHI,2025-11-12 09:30,SCT,,,1800.00,,
WAHI,2025-11-12 10:30,SCT,,,1800.00,,
WAHI,2025-11-12 11:30,SCT,,,1800.00,,
WAHI,2025-11-12 12:30,SCT,,,1800.00,,
WAHI,2025-11-12 13:30,SCT,,,1800.00,,
WAHI,2025-11-12 14:30,SCT,,,1800.00,,
WAHI,2025-11-12 15:30,SCT,,,1900.00,,
WAHI,2025-11-12 16:30,FEW,,,2000.00,,
WAHI,2025-11-12 17:30,FEW,,,2000.00,,
WAHI,2025-11-12 18:30,FEW,,,2000.00,,
WAHI,2025-11-12 19:30,FEW,,,2000.00,,
WAHI,2025-11-12 20:30,SCT,,,1800.00,,
WAHI,2025-11-12 21:30,FEW,,,2000.00,,
WAHI,2025-11-12 22:30,FEW,,,2000.00,,
WAHI,2025-11-12 23:30,SCT,,,1800.00,,
WAHI,2025-11-13 00:30,FEW,,,2000.00,,
WAHI,2025-11-13 01:30,FEW,,,2000.00,,
WAHI,2025-11-13 02:30,SCT,,,2000.00,,
WAHI,2025-11-13 03:30,FEW,,,2000.00,,
WAHI,2025-11-13 04:30,SCT,,,2000.00,,
WAHI,2025-11-13 05:30,FEW,,,2000.00,,
WAHI,2025-11-13 06:30,FEW,,,2000.00,,
WAHI,2025-11-13 07:30,FEW,,,2000.00,,
WAHI,2025-11-13 08:30,SCT,,,1800.00,,
WAHI,2025-11-13 09:30,FEW,,,1700.00,,
WAHI,2025-11-13 10:30,SCT,,,2000.00,,
WAHI,2025-11-13 11:30,SCT,,,1800.00,,
WAHI,2025-11-13 12:30,FEW,BKN,,1600.00,1700.00,
WAHI,2025-11-13 13:30,SCT,,,1800.00,,
WAHI,2025-11-13 14:30,FEW,SCT,,1700.00,1800.00,
WAHI,2025-11-13 15:30,SCT,,,1800.00,,
WAHI,2025-11-13 16:30,SCT,,,1700.00,,
WAHI,2025-11-13 17:30,SCT,,,1800.00,,
WAHI,2025-11-13 18:30,SCT,,,1800.00,,
WAHI,2025-11-13 19:30,SCT,,,1900.00,,
WAHI,2025-11-13 20:30,SCT,,,2000.00,,
WAHI,2025-11-13 21:30,FEW,,,2000.00,,
WAHI,2025-11-13 22:30,SCT,,,1900.00,,
WAHI,2025-11-13 23:30,SCT,,,1800.00,,
WAHI,2025-11-14 00:30,BKN,,,1700.00,,
WAHI,2025-11-14 01:30,BKN,,,1600.00,,
WAHI,2025-11-14 02:30,BKN,,,1700.00,,
WAHI,2025-11-14 03:30,BKN,,,1600.00,,
WAHI,2025-11-14 04:30,SCT,,,1600.00,,
WAHI,2025-11-14 05:30,SCT,,,1600.00,,
WAHI,2025-11-14 06:30,BKN,,,1500.00,,
WAHI,2025-11-14 07:30,SCT,,,1600.00,,
WAHI,2025-11-14 08:30,SCT,,,1800.00,,
WAHI,2025-11-14 09:30,SCT,,,1700.00,,
WAHI,2025-11-14 10:30,SCT,,,1800.00,,
WAHI,2025-11-14 11:30,SCT,,,1900.00,,
WAHI,2025-11-14 12:30,SCT,,,2000.00,,
WAHI,2025-11-14 13:30,FEW,,,2000.00,,
WAHI,2025-11-14 14:30,SCT,,,2000.00,,
WAHI,2025-11-14 15:30,SCT,,,1800.00,,
WAHI,2025-11-14 16:30,SCT,,,2000.00,,
WAHI,2025-11-14 17:30,BKN,,,1500.00,,
WAHI,2025-11-14 18:30,BKN,,,1000.00,,
WAHI,2025-11-14 19:30,BKN,,,1500.00,,
WAHI,2025-11-14 20:30,FEW,,,1700.00,,
WAHI,2025-11-14 21:30,SCT,,,1800.00,,
WAHI,2025-11-14 22:30,SCT,,,1900.00,,
WAHI,2025-11-14 23:30,SCT,,,1800.00,,
WAHI,2025-11-15 00:30,SCT,,,1800.00,,
WAHI,2025-11-15 01:30,SCT,,,1900.00,,
WAHI,2025-11-15 02:30,SCT,,,1800.00,,
WAHI,2025-11-15 03:30,FEW,,,2000.00,,
WAHI,2025-11-15 04:30,FEW,,,2000.00,,
WAHI,2025-11-15 05:30,FEW,,,2000.00,,
WAHI,2025-11-15 06:30,FEW,,,2000.00,,
WAHI,2025-11-15 07:30,FEW,,,2000.00,,
WAHI,2025-11-15 08:30,FEW,,,2000.00,,
WAHI,2025-11-15 09:30,FEW,,,2000.00,,
WAHI,2025-11-15 10:30,FEW,,,2000.00,,
WAHI,2025-11-15 11:30,FEW,,,1800.00,,
WAHI,2025-11-15 12:30,SCT,,,1800.00,,
WAHI,2025-11-15 13:30,SCT,,,1800.00,,
WAHI,2025-11-15 14:30,SCT,,,1800.00,,
WAHI,2025-11-15 15:30,SCT,,,1800.00,,
WAHI,2025-11-15 16:30,BKN,,,1500.00,,
WAHI,2025-11-15 17:30,BKN,,,1500.00,,
WAHI,2025-11-15 18:30,BKN,,,1500.00,,
WAHI,2025-11-15 19:30,SCT,,,1800.00,,
WAHI,2025-11-15 20:30,SCT,,,1800.00,,
WAHI,2025-11-15 21:30,FEW,,,1800.00,,
WAHI,2025-11-15 22:30,FEW,,,1800.00,,
WAHI,2025-11-15 23:30,FEW,,,1800.00,,
WAHI,2025-11-16 00:30,FEW,,,2000.00,,
WAHI,2025-11-16 01:30,FEW,,,2000.00,,
WAHI,2025-11-16 02:30,FEW,,,2000.00,,
WAHI,2025-11-16 03:30,FEW,,,2000.00,,
WAHI,2025-11-16 04:30,FEW,,,2000.00,,
WAHI,2025-11-16 05:30,FEW,,,1800.00,,
WAHI,2025-11-16 06:30,FEW,,,1800.00,,
WAHI,2025-11-16 07:30,FEW,,,1800.00,,
WAHI,2025-11-16 08:30,FEW,BKN,,1500.00,1700.00,
WAHI,2025-11-16 09:30,SCT,,,1800.00,,
WAHI,2025-11-16 10:30,SCT,,,1800.00,,
WAHI,2025-11-16 11:30,FEW,,,2000.00,,
WAHI,2025-11-16 12:30,FEW,,,2000.00,,
WAHI,2025-11-16 13:30,SCT,,,1800.00,,
WAHI,2025-11-16 14:30,SCT,,,1700.00,,
WAHI,2025-11-16 15:30,FEW,,,1800.00,,
WAHI,2025-11-16 16:30,FEW,,,2000.00,,
WAHI,2025-11-16 17:30,FEW,,,2000.00,,
WAHI,2025-11-16 18:30,FEW,,,2000.00,,
WAHI,2025-11-16 19:30,FEW,,,2000.00,,
WAHI,2025-11-16 20:30,FEW,,,2000.00,,
WAHI,2025-11-16 21:30,FEW,,,2000.00,,
WAHI,2025-11-16 22:30,SCT,,,1900.00,,
WAHI,2025-11-16 23:30,SCT,,,1800.00,,
WAHI,2025-11-17 00:30,SCT,,,1900.00,,
WAHI,2025-11-17 01:30,SCT,,,1800.00,,
WAHI,2025-11-17 02:30,SCT,,,1800.00,,
WAHI,2025-11-17 03:30,SCT,,,1800.00,,
WAHI,2025-11-17 04:30,SCT,,,1800.00,,
WAHI,2025-11-17 05:30,SCT,,,1800.00,,
WAHI,2025-11-17 06:30,SCT,,,1800.00,,
WAHI,2025-11-17 07:30,SCT,,,1800.00,,
WAHI,2025-11-17 08:30,SCT,,,2000.00,,
WAHI,2025-11-17 09:30,SCT,,,1800.00,,
WAHI,2025-11-17 10:30,SCT,,,1800.00,,
WAHI,2025-11-17 11:30,FEW,,,2000.00,,
WAHI,2025-11-17 12:30,FEW,,,2000.00,,
WAHI,2025-11-17 13:30,FEW,,,2000.00,,
WAHI,2025-11-17 14:30,FEW,,,2000.00,,
WAHI,2025-11-17 15:30,FEW,,,2000.00,,
WAHI,2025-11-17 16:30,BKN,,,1600.00,,
WAHI,2025-11-17 17:30,SCT,,,1800.00,,
WAHI,2025-11-17 18:30,FEW,,,2000.00,,
WAHI,2025-11-17 19:30,FEW,,,2000.00,,
WAHI,2025-11-17 20:30,FEW,,,2000.00,,
WAHI,2025-11-17 21:30,FEW,,,2000.00,,
WAHI,2025-11-17 22:30,FEW,,,2000.00,,
WAHI,2025-11-17 23:30,FEW,,,2000.00,,
WAHI,2025-11-18 00:30,FEW,,,2000.00,,
WAHI,2025-11-18 01:30,FEW,,,1900.00,,
WAHI,2025-11-18 02:30,FEW,,,2000.00,,
WAHI,2025-11-18 03:30,FEW,,,2000.00,,
WAHI,2025-11-18 04:30,FEW,,,2000.00,,
WAHI,2025-11-18 05:30,FEW,,,2000.00,,
WAHI,2025-11-18 06:30,FEW,,,2000.00,,
WAHI,2025-11-18 07:30,FEW,,,2000.00,,
WAHI,2025-11-18 08:30,SCT,,,1800.00,,
WAHI,2025-11-18 09:30,SCT,,,1800.00,,
WAHI,2025-11-18 10:30,SCT,,,1800.00,,
WAHI,2025-11-18 11:30,FEW,BKN,,1600.00,1700.00,
WAHI,2025-11-18 12:30,FEW,BKN,,1300.00,1500.00,
WAHI,2025-11-18 13:30,BKN,,,1600.00,,
WAHI,2025-11-18 14:30,SCT,,,1700.00,,
WAHI,2025-11-18 15:30,BKN,,,1600.00,,
WAHI,2025-11-18 16:30,BKN,,,1700.00,,
WAHI,2025-11-18 17:30,BKN,,,1600.00,,
WAHI,2025-11-18 18:30,SCT,,,1800.00,,
WAHI,2025-11-18 19:30,SCT,,,1700.00,,
WAHI,2025-11-18 20:30,SCT,,,1700.00,,
WAHI,2025-11-18 21:30,BKN,,,1800.00,,
WAHI,2025-11-18 22:30,FEW,,,1800.00,,
WAHI,2025-11-18 23:30,FEW,,,1800.00,,
WAHI,2025-11-19 00:30,FEW,,,2000.00,,
WAHI,2025-11-19 01:30,FEW,,,2000.00,,
WAHI,2025-11-19 02:30,FEW,,,2000.00,,
WAHI,2025-11-19 03:30,FEW,,,2000.00,,
WAHI,2025-11-19 04:30,FEW,,,2000.00,,
WAHI,2025-11-19 05:30,FEW,,,2000.00,,
WAHI,2025-11-19 06:30,FEW,,,2000.00,,
WAHI,2025-11-19 07:30,FEW,,,2000.00,,
WAHI,2025-11-19 08:30,SCT,,,1800.00,,
WAHI,2025-11-19 09:30,FEW,,,1900.00,,
WAHI,2025-11-19 10:30,SCT,,,1800.00,,
WAHI,2025-11-19 11:30,FEW,,,1900.00,,
WAHI,2025-11-19 12:30,FEW,BKN,,1700.00,1900.00,
WAHI,2025-11-19 13:30,FEW,BKN,,1400.00,1400.00,
WAHI,2025-11-19 14:30,FEW,BKN,,1400.00,1600.00,
WAHI,2025-11-19 15:30,BKN,,,1400.00,,
WAHI,2025-11-19 16:30,SCT,,,1400.00,,
WAHI,2025-11-19 17:30,SCT,,,1800.00,,
WAHI,2025-11-19 18:30,SCT,,,1900.00,,
WAHI,2025-11-19 19:30,SCT,,,2000.00,,
WAHI,2025-11-19 20:30,FEW,,,2000.00,,
WAHI,2025-11-19 21:30,FEW,,,2000.00,,
WAHI,2025-11-19 22:30,SCT,,,2000.00,,
WAHI,2025-11-19 23:30,SCT,,,2000.00,,
WAHI,2025-11-20 00:30,SCT,,,2000.00,,
WAHI,2025-11-20 01:30,FEW,,,2000.00,,
WAHI,2025-11-20 02:30,FEW,,,1800.00,,
WAHI,2025-11-20 03:30,FEW,,,2000.00,,
WAHI,2025-11-20 04:30,FEW,,,1800.00,,
WAHI,2025-11-20 05:30,FEW,,,1800.00,,
WAHI,2025-11-20 06:30,FEW,,,1800.00,,
WAHI,2025-11-20 07:30,SCT,,,1800.00,,
WAHI,2025-11-20 08:30,FEW,BKN,,1600.00,1700.00,
WAHI,2025-11-20 09:30,SCT,,,1600.00,,
WAHI,2025-11-20 10:30,SCT,,,1700.00,,
WAHI,2025-11-20 11:30,SCT,,,1800.00,,
WAHI,2025-11-20 12:30,FEW,,,1800.00,,
WAHI,2025-11-20 13:30,FEW,,,2000.00,,
WAHI,2025-11-20 14:30,FEW,,,2000.00,,
WAHI,2025-11-20 15:30,FEW,,,2000.00,,
WAHI,2025-11-20 16:30,FEW,,,2000.00,,
WAHI,2025-11-20 17:30,FEW,,,2000.00,,
WAHI,2025-11-20 18:30,SCT,,,2000.00,,
WAHI,2025-11-20 19:30,FEW,,,2000.00,,
WAHI,2025-11-20 20:30,FEW,,,2000.00,,
WAHI,2025-11-20 21:30,FEW,,,2000.00,,
WAHI,2025-11-20 22:30,SCT,,,1900.00,,
WAHI,2025-11-20 23:30,SCT,,,1900.00,,
WAHI,2025-11-21 00:30,FEW,,,1800.00,,
WAHI,2025-11-21 01:30,SCT,,,1800.00,,
WAHI,2025-11-21 02:30,SCT,,,1800.00,,
WAHI,2025-11-21 03:30,SCT,,,1800.00,,
WAHI,2025-11-21 04:30,SCT,,,1800.00,,
WAHI,2025-11-21 05:30,BKN,,,1700.00,,
WAHI,2025-11-21 06:30,FEW,SCT,,200.00,1200.00,
WAHI,2025-11-21 07:30,BKN,,,1500.00,,
WAHI,2025-11-21 08:30,BKN,,,1500.00,,
WAHI,2025-11-21 09:30,BKN,,,1500.00,,
WAHI,2025-11-21 10:30,BKN,,,1500.00,,
WAHI,2025-11-21 11:30,BKN,,,1500.00,,
WAHI,2025-11-21 12:30,SCT,,,1500.00,,
WAHI,2025-11-21 13:30,BKN,,,1500.00,,
WAHI,2025-11-21 14:30,BKN,,,1700.00,,
WAHI,2025-11-21 15:30,SCT,,,1700.00,,
WAHI,2025-11-21 16:30,SCT,,,1700.00,,
WAHI,2025-11-21 17:30,SCT,,,1700.00,,
WAHI,2025-11-21 18:30,SCT,,,1800.00,,
WAHI,2025-11-21 19:30,SCT,,,1800.00,,
WAHI,2025-11-21 20:30,SCT,,,1800.00,,
WAHI,2025-11-21 21:30,SCT,,,1800.00,,
WAHI,2025-11-21 22:30,SCT,,,1800.00,,
WAHI,2025-11-21 23:30,SCT,,,1700.00,,
WAHI,2025-11-22 00:30,SCT,,,1700.00,,
WAHI,2025-11-22 01:30,FEW,,,2000.00,,
WAHI,2025-11-22 02:30,FEW,,,2000.00,,
WAHI,2025-11-22 03:30,SCT,,,1900.00,,
WAHI,2025-11-22 04:30,FEW,,,2000.00,,
WAHI,2025-11-22 05:30,SCT,,,1800.00,,
WAHI,2025-11-22 06:30,SCT,,,1900.00,,
WAHI,2025-11-22 07:30,SCT,,,1900.00,,
WAHI,2025-11-22 08:30,SCT,,,1900.00,,
WAHI,2025-11-22 09:30,FEW,,,2000.00,,
WAHI,2025-11-22 10:30,FEW,,,2000.00,,
WAHI,2025-11-22 11:30,FEW,,,2000.00,,
WAHI,2025-11-22 12:30,SCT,,,1900.00,,
WAHI,2025-11-22 13:30,SCT,,,1800.00,,
WAHI,2025-11-22 14:30,SCT,,,1800.00,,
WAHI,2025-11-22 15:30,SCT,,,1800.00,,
WAHI,2025-11-22 16:30,SCT,,,1800.00,,
WAHI,2025-11-22 17:30,FEW,,,2000.00,,
WAHI,2025-11-22 18:30,FEW,,,2000.00,,
WAHI,2025-11-22 19:30,FEW,,,2000.00,,
WAHI,2025-11-22 20:30,FEW,,,2000.00,,
WAHI,2025-11-22 21:30,FEW,,,2000.00,,
WAHI,2025-11-22 22:30,FEW,,,2000.00,,
WAHI,2025-11-22 23:30,FEW,,,2000.00,,
WAHI,2025-11-23 00:30,FEW,,,2000.00,,
WAHI,2025-11-23 01:30,FEW,,,2000.00,,
WAHI,2025-11-23 02:30,FEW,,,2000.00,,
WAHI,2025-11-23 03:30,FEW,,,2000.00,,
WAHI,2025-11-23 04:30,FEW,,,2000.00,,
WAHI,2025-11-23 05:30,FEW,,,2000.00,,
WAHI,2025-11-23 06:30,FEW,,,2000.00,,
WAHI,2025-11-23 07:30,SCT,,,1800.00,,
WAHI,2025-11-23 08:30,SCT,,,1800.00,,
WAHI,2025-11-23 09:30,SCT,,,1800.00,,
WAHI,2025-11-23 10:30,SCT,,,1500.00,,
WAHI,2025-11-23 11:30,SCT,,,1800.00,,
WAHI,2025-11-23 12:30,SCT,,,1900.00,,
WAHI,2025-11-23 13:30,SCT,,,1800.00,,
WAHI,2025-11-23 14:30,BKN,,,1700.00,,
WAHI,2025-11-23 15:30,BKN,,,1700.00,,
WAHI,2025-11-23 16:30,BKN,,,1700.00,,
WAHI,2025-11-23 17:30,BKN,,,1700.00,,
WAHI,2025-11-23 18:30,SCT,,,1700.00,,
WAHI,2025-11-23 19:30,SCT,,,1800.00,,
WAHI,2025-11-23 20:30,SCT,,,1800.00,,
WAHI,2025-11-23 21:30,SCT,,,1800.00,,
WAHI,2025-11-23 22:30,FEW,,,2000.00,,
WAHI,2025-11-23 23:30,FEW,,,2000.00,,
WAHI,2025-11-24 00:30,FEW,,,2000.00,,
WAHI,2025-11-24 01:30,FEW,,,2000.00,,
WAHI,2025-11-24 02:30,FEW,,,2000.00,,
WAHI,2025-11-24 03:30,FEW,,,2000.00,,
WAHI,2025-11-24 04:30,FEW,,,2000.00,,
WAHI,2025-11-24 05:30,FEW,,,2000.00,,
WAHI,2025-11-24 06:30,FEW,,,2000.00,,
WAHI,2025-11-24 07:30,FEW,,,2000.00,,
WAHI,2025-11-24 08:30,FEW,,,2000.00,,
WAHI,2025-11-24 09:30,FEW,,,2000.00,,
WAHI,2025-11-24 10:30,FEW,,,2000.00,,
WAHI,2025-11-24 11:30,FEW,,,2000.00,,
WAHI,2025-11-24 12:30,FEW,,,2000.00,,
WAHI,2025-11-24 13:30,FEW,,,2000.00,,
WAHI,2025-11-24 14:30,FEW,,,2000.00,,
WAHI,2025-11-24 15:30,FEW,,,2000.00,,
WAHI,2025-11-24 16:30,FEW,,,2000.00,,
WAHI,2025-11-24 17:30,FEW,,,2000.00,,
WAHI,2025-11-24 18:30,FEW,,,2000.00,,
WAHI,2025-11-24 19:30,FEW,,,1800.00,,
WAHI,2025-11-24 20:30,FEW,,,1800.00,,
WAHI,2025-11-24 21:30,FEW,,,1800.00,,
WAHI,2025-11-24 22:30,FEW,,,1800.00,,
WAHI,2025-11-24 23:30,SCT,,,1800.00,,
WAHI,2025-11-25 00:30,SCT,,,1800.00,,
WAHI,2025-11-25 01:30,FEW,,,2000.00,,
WAHI,2025-11-25 02:30,FEW,,,2000.00,,
WAHI,2025-11-25 03:30,SCT,,,1900.00,,
WAHI,2025-11-25 04:30,FEW,,,1900.00,,
WAHI,2025-11-25 05:30,FEW,,,2000.00,,
WAHI,2025-11-25 06:30,FEW,,,2000.00,,
WAHI,2025-11-25 07:30,FEW,,,2000.00,,
WAHI,2025-11-25 08:30,FEW,,,2000.00,,
WAHI,2025-11-25 09:30,FEW,,,2000.00,,
WAHI,2025-11-25 10:30,SCT,,,1900.00,,
WAHI,2025-11-25 11:30,FEW,,,2000.00,,
WAHI,2025-11-25 12:30,SCT,,,2000.00,,
WAHI,2025-11-25 13:30,SCT,,,2000.00,,
WAHI,2025-11-25 14:30,FEW,,,1700.00,,
WAHI,2025-11-25 15:30,FEW,,,1700.00,,
WAHI,2025-11-25 16:30,SCT,,,1900.00,,
WAHI,2025-11-25 17:30,SCT,,,2000.00,,
WAHI,2025-11-25 18:30,SCT,,,2000.00,,
WAHI,2025-11-25 19:30,SCT,,,2000.00,,
WAHI,2025-11-25 20:30,FEW,,,2000.00,,
WAHI,2025-11-25 21:30,FEW,,,1700.00,,
WAHI,2025-11-25 22:30,SCT,,,1200.00,,
WAHI,2025-11-25 23:30,SCT,,,1600.00,,
WAHI,2025-11-26 00:30,BKN,,,1600.00,,
WAHI,2025-11-26 01:30,BKN,,,1600.00,,
WAHI,2025-11-26 02:30,BKN,,,1700.00,,
WAHI,2025-11-26 03:30,BKN,,,1500.00,,
WAHI,2025-11-26 04:30,BKN,,,1500.00,,
WAHI,2025-11-26 05:30,BKN,,,1800.00,,
WAHI,2025-11-26 06:30,BKN,,,1700.00,,
WAHI,2025-11-26 07:30,BKN,,,1400.00,,
WAHI,2025-11-26 08:30,BKN,,,1700.00,,
WAHI,2025-11-26 09:30,BKN,,,1700.00,,
WAHI,2025-11-26 10:30,BKN,,,1800.00,,
WAHI,2025-11-26 11:30,FEW,SCT,BKN,2000.00,2900.00,3400.00
WAHI,2025-11-26 12:30,SCT,,,1800.00,,
WAHI,2025-11-26 13:30,SCT,,,1700.00,,
WAHI,2025-11-26 14:30,SCT,,,1800.00,,
WAHI,2025-11-26 15:30,FEW,,,2000.00,,
WAHI,2025-11-26 16:30,FEW,,,2000.00,,
WAHI,2025-11-26 17:30,FEW,,,2000.00,,
WAHI,2025-11-26 18:30,BKN,,,1500.00,,
WAHI,2025-11-26 19:30,SCT,,,1700.00,,
WAHI,2025-11-26 20:30,FEW,,,2000.00,,
WAHI,2025-11-26 21:30,FEW,,,2000.00,,
WAHI,2025-11-26 22:30,FEW,,,2000.00,,
WAHI,2025-11-26 23:30,SCT,,,1800.00,,
WAHI,2025-11-27 00:30,SCT,,,1800.00,,
WAHI,2025-11-27 01:30,FEW,,,1900.00,,
WAHI,2025-11-27 02:30,SCT,,,1700.00,,
WAHI,2025-11-27 03:30,SCT,,,1700.00,,
WAHI,2025-11-27 04:30,FEW,,,1700.00,,
WAHI,2025-11-27 05:30,FEW,,,1700.00,,
WAHI,2025-11-27 06:30,SCT,,,1700.00,,
WAHI,2025-11-27 07:30,SCT,,,1700.00,,
WAHI,2025-11-27 08:30,SCT,,,1700.00,,
WAHI,2025-11-27 09:30,SCT,,,1700.00,,
WAHI,2025-11-27 10:30,SCT,,,1700.00,,
WAHI,2025-11-27 11:30,SCT,,,1700.00,,
WAHI,2025-11-27 12:30,SCT,,,1700.00,,
WAHI,2025-11-27 13:30,SCT,,,1800.00,,
WAHI,2025-11-27 14:30,SCT,,,1900.00,,
WAHI,2025-11-27 15:30,FEW,,,2000.00,,
WAHI,2025-11-27 16:30,BKN,,,1800.00,,
WAHI,2025-11-27 17:30,SCT,,,1800.00,,
WAHI,2025-11-27 18:30,SCT,,,1800.00,,
WAHI,2025-11-27 19:30,BKN,,,1700.00,,
WAHI,2025-11-27 20:30,BKN,,,1800.00,,
WAHI,2025-11-27 21:30,BKN,,,1800.00,,
WAHI,2025-11-27 22:30,BKN,,,1800.00,,
WAHI,2025-11-27 23:30,BKN,,,1800.00,,
WAHI,2025-11-28 00:30,BKN,,,1800.00,,
WAHI,2025-11-28 01:30,SCT,,,1800.00,,
WAHI,2025-11-28 02:30,SCT,,,1800.00,,
WAHI,2025-11-28 03:30,SCT,,,1800.00,,
WAHI,2025-11-28 04:30,SCT,,,1800.00,,
WAHI,2025-11-28 05:30,SCT,,,1800.00,,
WAHI,2025-11-28 06:30,SCT,,,1800.00,,
WAHI,2025-11-28 07:30,SCT,,,1800.00,,
WAHI,2025-11-28 08:30,SCT,,,1800.00,,
WAHI,2025-11-28 09:30,SCT,,,1800.00,,
WAHI,2025-11-28 10:30,SCT,,,1900.00,,
WAHI,2025-11-28 11:30,SCT,,,1900.00,,
WAHI,2025-11-28 12:30,SCT,,,1900.00,,
WAHI,2025-11-28 13:30,SCT,,,1900.00,,
WAHI,2025-11-28 14:30,SCT,,,1900.00,,
WAHI,2025-11-28 15:30,SCT,,,1900.00,,
WAHI,2025-11-28 16:30,SCT,,,1900.00,,
WAHI,2025-11-28 17:30,SCT,,,1900.00,,
WAHI,2025-11-28 18:30,SCT,,,1900.00,,
WAHI,2025-11-28 19:30,FEW,,,2000.00,,
WAHI,2025-11-28 20:30,FEW,,,2000.00,,
WAHI,2025-11-28 21:30,FEW,,,2000.00,,
WAHI,2025-11-28 22:30,FEW,,,1800.00,,
WAHI,2025-11-28 23:30,FEW,,,1800.00,,
WAHI,2025-11-29 00:30,SCT,,,1800.00,,
WAHI,2025-11-29 01:30,FEW,,,2000.00,,
WAHI,2025-11-29 02:30,FEW,,,2000.00,,
WAHI,2025-11-29 03:30,FEW,,,2000.00,,
WAHI,2025-11-29 04:30,FEW,,,2000.00,,
WAHI,2025-11-29 05:30,FEW,,,2000.00,,
WAHI,2025-11-29 06:30,FEW,,,2000.00,,
WAHI,2025-11-29 07:30,FEW,,,2000.00,,
WAHI,2025-11-29 08:30,FEW,,,2000.00,,
WAHI,2025-11-29 09:30,FEW,,,1800.00,,
WAHI,2025-11-29 10:30,FEW,,,1800.00,,
WAHI,2025-11-29 11:30,FEW,,,1800.00,,
WAHI,2025-11-29 12:30,FEW,,,1800.00,,
WAHI,2025-11-29 13:30,FEW,,,1800.00,,
WAHI,2025-11-29 14:30,FEW,,,1800.00,,
WAHI,2025-11-29 15:30,FEW,,,1800.00,,
WAHI,2025-11-29 16:30,FEW,,,1800.00,,
WAHI,2025-11-29 17:30,FEW,,,1700.00,,
WAHI,2025-11-29 18:30,SCT,,,1800.00,,
WAHI,2025-11-29 19:30,SCT,,,1800.00,,
WAHI,2025-11-29 20:30,SCT,,,1800.00,,
WAHI,2025-11-29 21:30,SCT,,,1800.00,,
WAHI,2025-11-29 22:30,SCT,,,1800.00,,
WAHI,2025-11-29 23:30,SCT,,,1800.00,,
WAHI,2025-11-30 00:30,SCT,,,1800.00,,
WAHI,2025-11-30 01:30,FEW,,,2000.00,,
WAHI,2025-11-30 02:30,FEW,,,2000.00,,
WAHI,2025-11-30 03:30,FEW,,,2000.00,,
WAHI,2025-11-30 04:30,FEW,,,2000.00,,
WAHI,2025-11-30 05:30,FEW,,,2000.00,,
WAHI,2025-11-30 06:30,FEW,,,2000.00,,
WAHI,2025-11-30 07:30,FEW,,,2000.00,,
WAHI,2025-11-30 08:30,SCT,,,1900.00,,
WAHI,2025-11-30 09:30,FEW,,,2000.00,,
WAHI,2025-11-30 10:30,FEW,,,2000.00,,
WAHI,2025-11-30 11:30,FEW,,,2000.00,,
WAHI,2025-11-30 12:30,FEW,,,2000.00,,
WAHI,2025-11-30 13:30,FEW,,,2000.00,,
WAHI,2025-11-30 14:30,FEW,,,2000.00,,
WAHI,2025-11-30 15:30,SCT,,,1800.00,,
WAHI,2025-11-30 16:30,BKN,,,1800.00,,
WAHI,2025-11-30 17:30,SCT,,,1800.00,,
WAHI,2025-11-30 18:30,SCT,,,1800.00,,
WAHI,2025-11-30 19:30,SCT,,,1900.00,,
WAHI,2025-11-30 20:30,SCT,,,1800.00,,
WAHI,2025-11-30 21:30,SCT,,,1800.00,,
WAHI,2025-11-30 22:30,BKN,,,1800.00,,
WAHI,2025-11-30 23:30,SCT,,,1800.00,,
WAHI,2025-12-01 00:30,FEW,,,2000.00,,
WAHI,2025-12-01 01:30,FEW,,,2000.00,,
WAHI,2025-12-01 02:30,FEW,,,2000.00,,
WAHI,2025-12-01 03:30,FEW,,,2000.00,,
WAHI,2025-12-01 04:30,FEW,,,2000.00,,
WAHI,2025-12-01 05:30,FEW,,,2000.00,,
WAHI,2025-12-01 06:30,FEW,,,2000.00,,
WAHI,2025-12-01 07:30,FEW,,,2000.00,,
WAHI,2025-12-01 08:30,FEW,,,2000.00,,
WAHI,2025-12-01 09:30,FEW,,,2000.00,,
WAHI,2025-12-01 10:30,FEW,,,2000.00,,
WAHI,2025-12-01 11:30,FEW,,,2000.00,,
WAHI,2025-12-01 12:30,FEW,,,2000.00,,
WAHI,2025-12-01 13:30,FEW,,,2000.00,,
WAHI,2025-12-01 14:30,SCT,,,2000.00,,
WAHI,2025-12-01 15:30,FEW,,,2000.00,,
WAHI,2025-12-01 16:30,FEW,,,2000.00,,
WAHI,2025-12-01 17:30,SCT,,,1700.00,,
WAHI,2025-12-01 18:30,BKN,,,1500.00,,
WAHI,2025-12-01 19:30,BKN,,,1500.00,,
WAHI,2025-12-01 20:30,FEW,,,2000.00,,
WAHI,2025-12-01 22:30,SCT,,,2000.00,,
WAHI,2025-12-01 23:30,SCT,,,2000.00,,
WAHI,2025-12-02 00:30,FEW,,,2000.00,,
WAHI,2025-12-02 01:30,FEW,,,2000.00,,
WAHI,2025-12-02 02:30,FEW,,,2000.00,,
WAHI,2025-12-02 03:30,FEW,,,2000.00,,
WAHI,2025-12-02 04:30,FEW,,,2000.00,,
WAHI,2025-12-02 05:30,FEW,,,2000.00,,
WAHI,2025-12-02 06:30,SCT,,,2000.00,,
WAHI,2025-12-02 07:30,FEW,,,2000.00,,
WAHI,2025-12-02 08:30,FEW,,,1900.00,,
WAHI,2025-12-02 09:30,SCT,,,1900.00,,
WAHI,2025-12-02 10:30,SCT,,,1900.00,,
WAHI,2025-12-02 11:30,FEW,SCT,,1700.00,1800.00,
WAHI,2025-12-02 12:30,FEW,BKN,,1600.00,1700.00,
WAHI,2025-12-02 13:30,SCT,,,1800.00,,
WAHI,2025-12-02 14:30,SCT,,,1800.00,,
WAHI,2025-12-02 15:30,SCT,,,1800.00,,
WAHI,2025-12-02 16:30,SCT,,,2000.00,,
WAHI,2025-12-02 17:30,FEW,,,2000.00,,
WAHI,2025-12-02 18:30,SCT,,,1800.00,,
WAHI,2025-12-02 19:30,SCT,,,1700.00,,
WAHI,2025-12-02 20:30,FEW,,,2000.00,,
WAHI,2025-12-02 22:30,SCT,,,1900.00,,
WAHI,2025-12-02 23:30,SCT,,,2000.00,,
WAHI,2025-12-03 00:30,SCT,,,2000.00,,
WAHI,2025-12-03 01:30,BKN,,,1500.00,,
WAHI,2025-12-03 02:30,SCT,,,1700.00,,
WAHI,2025-12-03 03:30,SCT,,,1800.00,,
WAHI,2025-12-03 04:30,SCT,,,1800.00,,
WAHI,2025-12-03 05:30,SCT,,,1800.00,,
WAHI,2025-12-03 06:30,SCT,,,1800.00,,
WAHI,2025-12-03 07:30,SCT,,,1900.00,,
WAHI,2025-12-03 08:30,SCT,,,1900.00,,
WAHI,2025-12-03 09:30,FEW,,,1900.00,,
WAHI,2025-12-03 10:30,FEW,,,1900.00,,
WAHI,2025-12-03 11:30,FEW,,,2000.00,,
WAHI,2025-12-03 12:30,FEW,,,1800.00,,
WAHI,2025-12-03 13:30,FEW,,,1800.00,,
WAHI,2025-12-03 14:30,SCT,,,1700.00,,
WAHI,2025-12-03 15:30,FEW,SCT,,1600.00,1700.00,
WAHI,2025-12-03 16:30,SCT,,,1700.00,,
WAHI,2025-12-03 17:30,SCT,,,1900.00,,
WAHI,2025-12-03 18:30,SCT,,,1900.00,,
WAHI,2025-12-03 19:30,BKN,,,1700.00,,
WAHI,2025-12-03 20:30,FEW,,,2000.00,,
WAHI,2025-12-03 22:30,BKN,,,1800.00,,
WAHI,2025-12-03 23:30,SCT,,,1800.00,,
WAHI,2025-12-04 00:30,FEW,,,1800.00,,
WAHI,2025-12-04 01:30,FEW,SCT,,1500.00,1700.00,
WAHI,2025-12-04 02:30,SCT,,,1700.00,,
WAHI,2025-12-04 03:30,SCT,,,1800.00,,
WAHI,2025-12-04 04:30,SCT,,,1800.00,,
WAHI,2025-12-04 05:30,SCT,,,1700.00,,
WAHI,2025-12-04 06:30,FEW,SCT,,1500.00,1600.00,
WAHI,2025-12-04 07:30,FEW,BKN,,1500.00,1600.00,
WAHI,2025-12-04 08:30,FEW,BKN,,1500.00,1600.00,
WAHI,2025-12-04 09:30,FEW,,,1900.00,,
WAHI,2025-12-04 10:30,SCT,,,1600.00,,
WAHI,2025-12-04 11:30,BKN,,,1600.00,,
WAHI,2025-12-04 12:30,SCT,,,1600.00,,
WAHI,2025-12-04 13:30,SCT,,,1600.00,,
WAHI,2025-12-04 14:30,SCT,,,1700.00,,
WAHI,2025-12-04 15:30,FEW,,,1800.00,,
WAHI,2025-12-04 16:30,FEW,,,1800.00,,
WAHI,2025-12-04 17:30,FEW,,,1800.00,,
WAHI,2025-12-04 18:30,FEW,,,1800.00,,
WAHI,2025-12-04 19:30,FEW,,,1800.00,,
WAHI,2025-12-04 20:30,SCT,,,1700.00,,
WAHI,2025-12-04 22:30,FEW,,,1800.00,,
WAHI,2025-12-04 23:30,FEW,,,1700.00,,
WAHI,2025-12-05 00:30,FEW,,,1800.00,,
WAHI,2025-12-05 01:30,FEW,,,2000.00,,
WAHI,2025-12-05 02:30,FEW,,,2000.00,,
WAHI,2025-12-05 03:30,FEW,,,2000.00,,
WAHI,2025-12-05 04:30,FEW,,,2000.00,,
WAHI,2025-12-05 05:30,FEW,,,2000.00,,
WAHI,2025-12-05 06:30,FEW,,,2000.00,,
WAHI,2025-12-05 07:30,FEW,,,2000.00,,
WAHI,2025-12-05 08:30,FEW,,,2000.00,,
WAHI,2025-12-05 09:30,SCT,,,2000.00,,
WAHI,2025-12-05 10:30,SCT,,,2000.00,,
WAHI,2025-12-05 11:30,FEW,BKN,,1500.00,1600.00,
WAHI,2025-12-05 12:30,FEW,BKN,,1300.00,1500.00,
WAHI,2025-12-05 13:30,BKN,,,1500.00,,
WAHI,2025-12-05 14:30,BKN,,,1500.00,,
WAHI,2025-12-05 15:30,SCT,,,1500.00,,
WAHI,2025-12-05 16:30,BKN,,,1500.00,,
WAHI,2025-12-05 17:30,BKN,,,1700.00,,
WAHI,2025-12-05 18:30,SCT,,,1700.00,,
WAHI,2025-12-05 19:30,SCT,,,1900.00,,
WAHI,2025-12-05 20:30,SCT,,,2000.00,,
WAHI,2025-12-05 22:30,FEW,,,1700.00,,
WAHI,2025-12-05 23:30,FEW,,,1800.00,,
WAHI,2025-12-06 00:30,FEW,,,2000.00,,
WAHI,2025-12-06 01:30,FEW,,,2000.00,,
WAHI,2025-12-06 02:30,FEW,,,1800.00,,
WAHI,2025-12-06 03:30,FEW,,,1800.00,,
WAHI,2025-12-06 04:30,FEW,,,1700.00,,
WAHI,2025-12-06 05:30,FEW,,,1700.00,,
WAHI,2025-12-06 06:30,FEW,,,1700.00,,
WAHI,2025-12-06 07:30,FEW,,,1700.00,,
WAHI,2025-12-06 08:30,SCT,,,1700.00,,
WAHI,2025-12-06 09:30,SCT,,,1700.00,,
WAHI,2025-12-06 10:30,SCT,,,1700.00,,
WAHI,2025-12-06 11:30,FEW,,,1700.00,,
WAHI,2025-12-06 12:30,SCT,,,1800.00,,
WAHI,2025-12-06 13:30,SCT,,,1800.00,,
WAHI,2025-12-06 14:30,SCT,,,1800.00,,
WAHI,2025-12-06 15:30,SCT,,,1800.00,,
WAHI,2025-12-06 16:30,FEW,,,1800.00,,
WAHI,2025-12-06 17:30,FEW,,,1800.00,,
WAHI,2025-12-06 18:30,FEW,,,1800.00,,
WAHI,2025-12-06 19:30,FEW,,,2000.00,,
WAHI,2025-12-06 20:30,FEW,,,1800.00,,
WAHI,2025-12-06 22:30,FEW,,,1800.00,,
WAHI,2025-12-06 23:30,FEW,,,1800.00,,
WAHI,2025-12-07 00:30,FEW,,,2000.00,,
WAHI,2025-12-07 01:30,SCT,,,1900.00,,
WAHI,2025-12-07 02:30,SCT,,,1900.00,,
WAHI,2025-12-07 03:30,FEW,,,2000.00,,
WAHI,2025-12-07 04:30,FEW,,,2000.00,,
WAHI,2025-12-07 05:30,FEW,,,2000.00,,
WAHI,2025-12-07 06:30,FEW,,,2000.00,,
WAHI,2025-12-07 07:30,FEW,,,2000.00,,
WAHI,2025-12-07 08:30,FEW,,,2000.00,,
WAHI,2025-12-07 09:30,FEW,,,2000.00,,
WAHI,2025-12-07 10:30,FEW,,,2000.00,,
WAHI,2025-12-07 11:30,FEW,,,2000.00,,
WAHI,2025-12-07 12:30,SCT,,,2000.00,,
WAHI,2025-12-07 13:30,FEW,,,2000.00,,
WAHI,2025-12-07 14:30,FEW,,,2000.00,,
WAHI,2025-12-07 15:30,SCT,,,2000.00,,
WAHI,2025-12-07 16:30,FEW,,,1800.00,,
WAHI,2025-12-07 17:30,SCT,,,1800.00,,
WAHI,2025-12-07 18:30,FEW,,,2000.00,,
WAHI,2025-12-07 19:30,FEW,,,2000.00,,
WAHI,2025-12-07 20:30,FEW,,,1900.00,,
WAHI,2025-12-07 22:30,FEW,,,2000.00,,
WAHI,2025-12-07 23:30,FEW,,,2000.00,,
WAHI,2025-12-08 00:30,FEW,,,2000.00,,
WAHI,2025-12-08 01:30,SCT,,,1800.00,,
WAHI,2025-12-08 02:30,FEW,,,1800.00,,
WAHI,2025-12-08 03:30,FEW,,,1900.00,,
WAHI,2025-12-08 04:30,FEW,,,1900.00,,
WAHI,2025-12-08 05:30,FEW,,,1900.00,,
WAHI,2025-12-08 06:30,FEW,,,1800.00,,
WAHI,2025-12-08 07:30,FEW,,,1800.00,,
WAHI,2025-12-08 08:30,SCT,,,1800.00,,
WAHI,2025-12-08 09:30,BKN,,,1800.00,,
WAHI,2025-12-08 10:30,SCT,,,1800.00,,
WAHI,2025-12-08 11:30,SCT,,,1800.00,,
WAHI,2025-12-08 12:30,SCT,,,1900.00,,
WAHI,2025-12-08 13:30,SCT,,,1900.00,,
WAHI,2025-12-08 14:30,SCT,,,1800.00,,
WAHI,2025-12-08 15:30,FEW,BKN,,1600.00,1700.00,
WAHI,2025-12-08 16:30,FEW,BKN,,1600.00,1700.00,
WAHI,2025-12-08 17:30,BKN,,,1800.00,,
WAHI,2025-12-08 18:30,SCT,,,1800.00,,
WAHI,2025-12-08 19:30,SCT,,,1800.00,,
WAHI,2025-12-08 20:30,SCT,,,1800.00,,
WAHI,2025-12-08 22:30,SCT,,,1900.00,,
WAHI,2025-12-08 23:30,SCT,,,1900.00,,
WAHI,2025-12-09 00:30,FEW,,,2000.00,,
WAHI,2025-12-09 01:30,FEW,,,2000.00,,
WAHI,2025-12-09 02:30,FEW,,,1900.00,,
WAHI,2025-12-09 03:30,FEW,,,2000.00,,
WAHI,2025-12-09 04:30,FEW,,,2000.00,,
WAHI,2025-12-09 05:30,FEW,,,2000.00,,
WAHI,2025-12-09 06:30,FEW,,,2000.00,,
WAHI,2025-12-09 07:30,FEW,,,1900.00,,
WAHI,2025-12-09 08:30,FEW,,,1900.00,,
WAHI,2025-12-09 09:30,SCT,,,1900.00,,
WAHI,2025-12-09 10:30,FEW,,,1900.00,,
WAHI,2025-12-09 11:30,SCT,,,2000.00,,
WAHI,2025-12-09 12:30,FEW,,,1800.00,,
WAHI,2025-12-09 13:30,FEW,,,1800.00,,
WAHI,2025-12-09 14:30,FEW,,,1800.00,,
WAHI,2025-12-09 15:30,SCT,,,1800.00,,
WAHI,2025-12-09 16:30,SCT,,,1800.00,,
WAHI,2025-12-09 17:30,SCT,,,1900.00,,
WAHI,2025-12-09 18:30,SCT,,,1900.00,,
WAHI,2025-12-09 19:30,BKN,,,1700.00,,
WAHI,2025-12-09 20:30,SCT,,,1700.00,,
WAHI,2025-12-09 22:30,SCT,,,1700.00,,
WAHI,2025-12-09 23:30,FEW,,,1800.00,,
WAHI,2025-12-10 00:30,FEW,,,1800.00,,
WAHI,2025-12-10 01:30,FEW,,,1800.00,,
WAHI,2025-12-10 02:30,SCT,,,1800.00,,
WAHI,2025-12-10 03:30,FEW,,,2000.00,,
WAHI,2025-12-10 04:30,FEW,,,2000.00,,
WAHI,2025-12-10 05:30,FEW,,,2000.00,,
WAHI,2025-12-10 06:30,FEW,,,2000.00,,
WAHI,2025-12-10 07:30,FEW,,,2000.00,,
WAHI,2025-12-10 08:30,SCT,,,1900.00,,
WAHI,2025-12-10 09:30,FEW,,,1900.00,,
WAHI,2025-12-10 10:30,SCT,,,1800.00,,
WAHI,2025-12-10 11:30,FEW,,,1900.00,,
WAHI,2025-12-10 12:30,FEW,,,2000.00,,
WAHI,2025-12-10 13:30,FEW,,,2000.00,,
WAHI,2025-12-10 14:30,SCT,,,2000.00,,
WAHI,2025-12-10 15:30,BKN,,,1500.00,,
WAHI,2025-12-10 16:30,SCT,,,1900.00,,
WAHI,2025-12-10 17:30,BKN,,,1500.00,,
WAHI,2025-12-10 18:30,BKN,,,1500.00,,
WAHI,2025-12-10 19:30,BKN,,,1600.00,,
WAHI,2025-12-10 20:30,SCT,,,2000.00,,
WAHI,2025-12-10 22:30,FEW,,,1900.00,,
WAHI,2025-12-10 23:30,FEW,,,2000.00,,
WAHI,2025-12-11 00:30,FEW,,,2000.00,,
WAHI,2025-12-11 01:30,FEW,,,2000.00,,
WAHI,2025-12-11 02:30,FEW,,,2000.00,,
WAHI,2025-12-11 03:30,FEW,,,2000.00,,
WAHI,2025-12-11 04:30,FEW,,,2000.00,,
WAHI,2025-12-11 05:30,FEW,,,2000.00,,
WAHI,2025-12-11 06:30,FEW,,,2000.00,,
WAHI,2025-12-11 07:30,FEW,,,2000.00,,
WAHI,2025-12-11 08:30,FEW,,,2000.00,,
WAHI,2025-12-11 09:30,FEW,,,2000.00,,
WAHI,2025-12-11 10:30,FEW,,,2000.00,,
WAHI,2025-12-11 11:30,FEW,,,2000.00,,
WAHI,2025-12-11 12:30,FEW,,,2000.00,,
WAHI,2025-12-11 13:30,FEW,,,2000.00,,
WAHI,2025-12-11 14:30,FEW,,,2000.00,,
WAHI,2025-12-11 15:30,FEW,,,2000.00,,
WAHI,2025-12-11 16:30,FEW,,,2000.00,,
WAHI,2025-12-11 17:30,FEW,,,2000.00,,
WAHI,2025-12-11 18:30,FEW,,,2000.00,,
WAHI,2025-12-11 19:30,SCT,,,2000.00,,
WAHI,2025-12-11 20:30,SCT,,,1900.00,,
WAHI,2025-12-11 22:30,FEW,,,2000.00,,
WAHI,2025-12-11 23:30,FEW,,,2000.00,,
WAHI,2025-12-12 00:30,FEW,,,2000.00,,
WAHI,2025-12-12 01:30,FEW,,,2000.00,,
WAHI,2025-12-12 02:30,FEW,,,2000.00,,
WAHI,2025-12-12 03:30,FEW,,,2000.00,,
WAHI,2025-12-12 04:30,FEW,,,2000.00,,
WAHI,2025-12-12 05:30,FEW,,,2000.00,,
WAHI,2025-12-12 06:30,FEW,,,2000.00,,
WAHI,2025-12-12 07:30,FEW,,,2000.00,,
WAHI,2025-12-12 08:30,FEW,,,2000.00,,
WAHI,2025-12-12 09:30,FEW,,,1900.00,,
WAHI,2025-12-12 10:30,FEW,,,1900.00,,
WAHI,2025-12-12 11:30,FEW,,,2000.00,,
WAHI,2025-12-12 12:30,FEW,,,2000.00,,
WAHI,2025-12-12 13:30,FEW,,,2000.00,,
WAHI,2025-12-12 14:30,FEW,,,2000.00,,
WAHI,2025-12-12 15:30,FEW,,,2000.00,,
WAHI,2025-12-12 16:30,FEW,,,2000.00,,
WAHI,2025-12-12 17:30,FEW,,,2000.00,,
WAHI,2025-12-12 18:30,FEW,,,2000.00,,
WAHI,2025-12-12 19:30,FEW,,,2000.00,,
WAHI,2025-12-12 20:30,SCT,,,1800.00,,
WAHI,2025-12-12 22:30,FEW,,,2000.00,,
WAHI,2025-12-12 23:30,FEW,,,2000.00,,
WAHI,2025-12-13 00:30,FEW,,,2000.00,,
WAHI,2025-12-13 01:30,FEW,,,2000.00,,
WAHI,2025-12-13 02:30,FEW,,,2000.00,,
WAHI,2025-12-13 03:30,FEW,,,2000.00,,
WAHI,2025-12-13 04:30,FEW,,,2000.00,,
WAHI,2025-12-13 05:30,FEW,,,2000.00,,
WAHI,2025-12-13 06:30,FEW,,,2000.00,,
WAHI,2025-12-13 07:30,FEW,,,2000.00,,
WAHI,2025-12-13 08:30,FEW,,,2000.00,,
WAHI,2025-12-13 09:30,FEW,,,2000.00,,
WAHI,2025-12-13 10:30,FEW,,,2000.00,,
WAHI,2025-12-13 11:30,SCT,,,1900.00,,
WAHI,2025-12-13 12:30,SCT,,,1900.00,,
WAHI,2025-12-13 13:30,SCT,,,1900.00,,
WAHI,2025-12-13 14:30,SCT,,,1900.00,,
WAHI,2025-12-13 15:30,SCT,,,1800.00,,
WAHI,2025-12-13 16:30,FEW,,,1900.00,,
WAHI,2025-12-13 17:30,SCT,,,1900.00,,
WAHI,2025-12-13 18:30,SCT,,,1800.00,,
WAHI,2025-12-13 19:30,SCT,,,1900.00,,
WAHI,2025-12-13 20:30,BKN,,,1700.00,,
WAHI,2025-12-13 22:30,BKN,,,1700.00,,
WAHI,2025-12-13 23:30,BKN,,,1700.00,,
WAHI,2025-12-14 00:30,SCT,,,1700.00,,
WAHI,2025-12-14 01:30,SCT,,,1700.00,,
WAHI,2025-12-14 02:30,FEW,BKN,,1400.00,1500.00,
WAHI,2025-12-14 03:30,SCT,,,1500.00,,
WAHI,2025-12-14 04:30,SCT,,,1800.00,,
WAHI,2025-12-14 05:30,SCT,,,1800.00,,
WAHI,2025-12-14 06:30,SCT,,,1800.00,,
WAHI,2025-12-14 07:30,SCT,,,1800.00,,
WAHI,2025-12-14 08:30,FEW,,,1800.00,,
WAHI,2025-12-14 09:30,SCT,,,1800.00,,
WAHI,2025-12-14 10:30,SCT,,,1800.00,,
WAHI,2025-12-14 11:30,SCT,,,1800.00,,
WAHI,2025-12-14 12:30,SCT,,,1800.00,,
WAHI,2025-12-14 13:30,SCT,,,1800.00,,
WAHI,2025-12-14 14:30,SCT,,,1800.00,,
WAHI,2025-12-14 15:30,FEW,BKN,,1500.00,1700.00,
WAHI,2025-12-14 16:30,SCT,,,1800.00,,
WAHI,2025-12-14 17:30,SCT,,,1800.00,,
WAHI,2025-12-14 18:30,SCT,,,1800.00,,
WAHI,2025-12-14 19:30,BKN,,,1500.00,,
WAHI,2025-12-14 20:30,FEW,,,1700.00,,
WAHI,2025-12-14 22:30,SCT,,,1500.00,,
WAHI,2025-12-14 23:30,FEW,BKN,,1500.00,1700.00,
WAHI,2025-12-15 00:30,SCT,,,1800.00,,
WAHI,2025-12-15 01:30,SCT,,,1700.00,,
WAHI,2025-12-15 02:30,BKN,,,1700.00,,
WAHI,2025-12-15 03:30,FEW,,,2000.00,,
WAHI,2025-12-15 04:30,SCT,,,1700.00,,
WAHI,2025-12-15 05:30,SCT,,,1700.00,,
WAHI,2025-12-15 06:30,SCT,,,1700.00,,
WAHI,2025-12-15 07:30,SCT,,,1700.00,,
WAHI,2025-12-15 08:30,SCT,,,1700.00,,
WAHI,2025-12-15 09:30,SCT,,,1700.00,,
WAHI,2025-12-15 10:30,FEW,,,1700.00,,
WAHI,2025-12-15 11:30,FEW,,,1700.00,,
WAHI,2025-12-15 12:30,SCT,,,1800.00,,
WAHI,2025-12-15 13:30,SCT,,,1800.00,,
WAHI,2025-12-15 14:30,SCT,,,1800.00,,
WAHI,2025-12-15 15:30,SCT,,,1800.00,,
WAHI,2025-12-15 16:30,SCT,,,1800.00,,
WAHI,2025-12-15 17:30,BKN,,,1500.00,,
WAHI,2025-12-15 18:30,BKN,,,1500.00,,
WAHI,2025-12-15 19:30,SCT,,,1800.00,,
WAHI,2025-12-15 20:30,SCT,,,1800.00,,
WAHI,2025-12-15 22:30,BKN,,,1500.00,,
WAHI,2025-12-15 23:30,BKN,,,1600.00,,
WAHI,2025-12-16 00:30,BKN,,,1700.00,,
WAHI,2025-12-16 01:30,SCT,,,1800.00,,
WAHI,2025-12-16 02:30,SCT,,,1800.00,,
WAHI,2025-12-16 03:30,SCT,,,1800.00,,
WAHI,2025-12-16 04:30,SCT,,,1800.00,,
WAHI,2025-12-16 05:30,SCT,,,1800.00,,
WAHI,2025-12-16 06:30,FEW,,,1800.00,,
WAHI,2025-12-16 07:30,SCT,,,1900.00,,
WAHI,2025-12-16 08:30,SCT,,,1900.00,,
WAHI,2025-12-16 09:30,SCT,,,1900.00,,
WAHI,2025-12-16 10:30,FEW,,,2000.00,,
WAHI,2025-12-16 11:30,SCT,,,1900.00,,
WAHI,2025-12-16 12:30,SCT,,,1900.00,,
WAHI,2025-12-16 13:30,FEW,,,2000.00,,
WAHI,2025-12-16 14:30,FEW,,,2000.00,,
WAHI,2025-12-16 15:30,FEW,,,2000.00,,
WAHI,2025-12-16 16:30,SCT,,,1900.00,,
WAHI,2025-12-16 17:30,SCT,,,1800.00,,
WAHI,2025-12-16 18:30,SCT,,,1800.00,,
WAHI,2025-12-16 19:30,FEW,,,2000.00,,
WAHI,2025-12-16 20:30,FEW,,,2000.00,,
WAHI,2025-12-16 22:30,FEW,SCT,,1700.00,1800.00,
WAHI,2025-12-16 23:30,SCT,,,1900.00,,
WAHI,2025-12-17 00:30,SCT,,,1900.00,,
WAHI,2025-12-17 01:30,FEW,,,1800.00,,
WAHI,2025-12-17 02:30,FEW,,,1800.00,,
WAHI,2025-12-17 03:30,FEW,,,1800.00,,
WAHI,2025-12-17 04:30,FEW,,,1800.00,,
WAHI,2025-12-17 05:30,FEW,,,2000.00,,
WAHI,2025-12-17 06:30,FEW,,,1800.00,,
WAHI,2025-12-17 07:30,FEW,,,2000.00,,
WAHI,2025-12-17 08:30,FEW,,,2000.00,,
WAHI,2025-12-17 09:30,SCT,,,1800.00,,
WAHI,2025-12-17 10:30,SCT,,,1700.00,,
WAHI,2025-12-17 11:30,SCT,,,1800.00,,
WAHI,2025-12-17 12:30,SCT,,,1800.00,,
WAHI,2025-12-17 13:30,SCT,,,1800.00,,
WAHI,2025-12-17 14:30,SCT,,,1800.00,,
WAHI,2025-12-17 15:30,BKN,,,1700.00,,
WAHI,2025-12-17 16:30,SCT,,,1800.00,,
WAHI,2025-12-17 17:30,SCT,,,1800.00,,
WAHI,2025-12-17 18:30,FEW,SCT,,1700.00,1800.00,
WAHI,2025-12-17 19:30,SCT,,,1800.00,,
WAHI,2025-12-17 20:30,SCT,,,1800.00,,
WAHI,2025-12-17 22:30,BKN,,,1800.00,,
WAHI,2025-12-17 23:30,BKN,OVC,,2200.00,3700.00,
WAHI,2025-12-18 00:30,BKN,,,1800.00,,
WAHI,2025-12-18 01:30,SCT,,,1700.00,,
WAHI,2025-12-18 02:30,BKN,,,1700.00,,
WAHI,2025-12-18 03:30,SCT,,,1700.00,,
WAHI,2025-12-18 04:30,SCT,,,1700.00,,
WAHI,2025-12-18 05:30,FEW,,,1800.00,,
WAHI,2025-12-18 06:30,FEW,,,1800.00,,
WAHI,2025-12-18 07:30,SCT,,,1800.00,,
WAHI,2025-12-18 08:30,SCT,,,1800.00,,
WAHI,2025-12-18 09:30,SCT,,,1800.00,,
WAHI,2025-12-18 10:30,SCT,,,1800.00,,
WAHI,2025-12-18 11:30,BKN,,,1700.00,,
WAHI,2025-12-18 12:30,SCT,,,1700.00,,
WAHI,2025-12-18 13:30,SCT,,,1700.00,,
WAHI,2025-12-18 14:30,SCT,,,1700.00,,
WAHI,2025-12-18 15:30,FEW,,,1700.00,,
WAHI,2025-12-18 16:30,FEW,,,1700.00,,
WAHI,2025-12-18 17:30,FEW,,,1700.00,,
WAHI,2025-12-18 18:30,FEW,,,1700.00,,
WAHI,2025-12-18 19:30,FEW,,,1700.00,,
WAHI,2025-12-18 20:30,FEW,,,1700.00,,
WAHI,2025-12-18 22:30,FEW,,,1800.00,,
WAHI,2025-12-18 23:30,FEW,,,1800.00,,
WAHI,2025-12-19 00:30,FEW,,,1800.00,,
WAHI,2025-12-19 01:30,FEW,,,2000.00,,
WAHI,2025-12-19 02:30,FEW,,,2000.00,,
WAHI,2025-12-19 03:30,FEW,,,2000.00,,
WAHI,2025-12-19 04:30,FEW,,,2000.00,,
WAHI,2025-12-19 05:30,FEW,,,2000.00,,
WAHI,2025-12-19 06:30,FEW,,,2000.00,,
WAHI,2025-12-19 07:30,FEW,,,2000.00,,
WAHI,2025-12-19 08:30,FEW,,,2000.00,,
WAHI,2025-12-19 09:30,FEW,,,1900.00,,
WAHI,2025-12-19 10:30,FEW,,,2000.00,,
WAHI,2025-12-19 11:30,SCT,,,1900.00,,
WAHI,2025-12-19 12:30,SCT,,,1900.00,,
WAHI,2025-12-19 13:30,SCT,,,1900.00,,
WAHI,2025-12-19 14:30,SCT,,,1900.00,,
WAHI,2025-12-19 15:30,SCT,,,1900.00,,
WAHI,2025-12-19 16:30,FEW,,,2000.00,,
WAHI,2025-12-19 17:30,FEW,,,2000.00,,
WAHI,2025-12-19 18:30,FEW,,,2000.00,,
WAHI,2025-12-19 19:30,SCT,,,2000.00,,
WAHI,2025-12-19 20:30,FEW,,,2000.00,,
WAHI,2025-12-19 22:30,FEW,,,2000.00,,
WAHI,2025-12-19 23:30,FEW,,,2000.00,,
WAHI,2025-12-20 00:30,FEW,,,2000.00,,
WAHI,2025-12-20 01:30,FEW,,,2000.00,,
WAHI,2025-12-20 02:30,FEW,,,2000.00,,
WAHI,2025-12-20 03:30,FEW,,,2000.00,,
WAHI,2025-12-20 04:30,FEW,,,2000.00,,
WAHI,2025-12-20 05:30,FEW,,,2000.00,,
WAHI,2025-12-20 06:30,FEW,,,2000.00,,
WAHI,2025-12-20 07:30,FEW,,,2000.00,,
WAHI,2025-12-20 08:30,SCT,,,2000.00,,
WAHI,2025-12-20 09:30,FEW,BKN,,1500.00,1800.00,
WAHI,2025-12-20 10:30,FEW,BKN,,1300.00,1500.00,
WAHI,2025-12-20 11:30,BKN,,,1500.00,,
WAHI,2025-12-20 12:30,SCT,,,1700.00,,
WAHI,2025-12-20 13:30,SCT,,,1800.00,,
WAHI,2025-12-20 14:30,FEW,,,1900.00,,
WAHI,2025-12-20 15:30,FEW,,,2000.00,,
WAHI,2025-12-20 16:30,FEW,,,2000.00,,
WAHI,2025-12-20 17:30,FEW,,,2000.00,,
WAHI,2025-12-20 18:30,FEW,,,2000.00,,
WAHI,2025-12-20 19:30,SCT,,,2000.00,,
WAHI,2025-12-20 20:30,FEW,,,2000.00,,
WAHI,2025-12-20 22:30,FEW,,,2000.00,,
WAHI,2025-12-20 23:30,FEW,,,2000.00,,
WAHI,2025-12-21 00:30,FEW,,,2000.00,,
WAHI,2025-12-21 01:30,FEW,,,2000.00,,
WAHI,2025-12-21 02:30,FEW,,,2000.00,,
WAHI,2025-12-21 03:30,FEW,,,2000.00,,
WAHI,2025-12-21 04:30,FEW,,,2000.00,,
WAHI,2025-12-21 05:30,FEW,,,2000.00,,
WAHI,2025-12-21 06:30,FEW,,,2000.00,,
WAHI,2025-12-21 07:30,FEW,,,1800.00,,
WAHI,2025-12-21 08:30,SCT,,,1800.00,,
WAHI,2025-12-21 09:30,SCT,,,1800.00,,
WAHI,2025-12-21 10:30,BKN,,,1700.00,,
WAHI,2025-12-21 11:30,BKN,,,1700.00,,
WAHI,2025-12-21 12:30,BKN,,,1700.00,,
WAHI,2025-12-21 13:30,BKN,,,1700.00,,
WAHI,2025-12-21 14:30,BKN,,,1700.00,,
WAHI,2025-12-21 15:30,SCT,,,1700.00,,
WAHI,2025-12-21 16:30,SCT,,,1800.00,,
WAHI,2025-12-21 17:30,FEW,,,1800.00,,
WAHI,2025-12-21 18:30,FEW,,,1800.00,,
WAHI,2025-12-21 19:30,FEW,,,1800.00,,
WAHI,2025-12-21 20:30,FEW,,,1800.00,,
WAHI,2025-12-21 22:30,FEW,,,2000.00,,
WAHI,2025-12-21 23:30,FEW,,,2000.00,,
WAHI,2025-12-22 00:30,FEW,,,2000.00,,
WAHI,2025-12-22 01:30,FEW,,,2000.00,,
WAHI,2025-12-22 02:30,FEW,,,2000.00,,
WAHI,2025-12-22 03:30,FEW,,,2000.00,,
WAHI,2025-12-22 04:30,FEW,,,2000.00,,
WAHI,2025-12-22 05:30,FEW,,,2000.00,,
WAHI,2025-12-22 06:30,FEW,,,2000.00,,
WAHI,2025-12-22 07:30,FEW,,,2000.00,,
WAHI,2025-12-22 08:30,FEW,,,2000.00,,
WAHI,2025-12-22 09:30,SCT,,,1900.00,,
WAHI,2025-12-22 10:30,BKN,,,1800.00,,
WAHI,2025-12-22 11:30,BKN,,,1800.00,,
WAHI,2025-12-22 12:30,BKN,,,1800.00,,
WAHI,2025-12-22 13:30,SCT,,,1800.00,,
WAHI,2025-12-22 14:30,BKN,,,1800.00,,
WAHI,2025-12-22 15:30,SCT,,,1800.00,,
WAHI,2025-12-22 16:30,SCT,,,1800.00,,
WAHI,2025-12-22 17:30,SCT,,,1700.00,,
WAHI,2025-12-22 18:30,FEW,,,2000.00,,
WAHI,2025-12-22 19:30,FEW,,,2000.00,,
WAHI,2025-12-22 20:30,FEW,,,1700.00,,
WAHI,2025-12-22 22:30,FEW,,,1800.00,,
WAHI,2025-12-22 23:30,FEW,,,2000.00,,
WAHI,2025-12-23 00:30,FEW,,,2000.00,,
WAHI,2025-12-23 01:30,FEW,,,2000.00,,
WAHI,2025-12-23 02:30,FEW,,,2000.00,,
WAHI,2025-12-23 03:30,FEW,,,1900.00,,
WAHI,2025-12-23 04:30,FEW,,,1900.00,,
WAHI,2025-12-23 05:30,FEW,,,1900.00,,
WAHI,2025-12-23 06:30,FEW,,,2000.00,,
WAHI,2025-12-23 07:30,FEW,,,2000.00,,
WAHI,2025-12-23 08:30,FEW,,,2000.00,,
WAHI,2025-12-23 09:30,FEW,,,1900.00,,
WAHI,2025-12-23 10:30,BKN,,,1800.00,,
WAHI,2025-12-23 11:30,SCT,,,1800.00,,
WAHI,2025-12-23 12:30,SCT,,,1800.00,,
WAHI,2025-12-23 13:30,SCT,,,1800.00,,
WAHI,2025-12-23 14:30,SCT,,,1800.00,,
WAHI,2025-12-23 15:30,SCT,,,1800.00,,
WAHI,2025-12-23 16:30,SCT,,,1800.00,,
WAHI,2025-12-23 17:30,SCT,,,1800.00,,
WAHI,2025-12-23 18:30,SCT,,,1600.00,,
WAHI,2025-12-23 19:30,SCT,,,1700.00,,
WAHI,2025-12-23 20:30,SCT,BKN,,1200.00,1400.00,
WAHI,2025-12-23 22:30,SCT,,,1800.00,,
WAHI,2025-12-23 23:30,FEW,,,2000.00,,
WAHI,2025-12-24 00:30,FEW,,,2000.00,,
WAHI,2025-12-24 01:30,FEW,,,2000.00,,
WAHI,2025-12-24 02:30,FEW,,,2000.00,,
WAHI,2025-12-24 03:30,FEW,,,2000.00,,
WAHI,2025-12-24 04:30,FEW,,,2000.00,,
WAHI,2025-12-24 05:30,FEW,,,2000.00,,
WAHI,2025-12-24 06:30,FEW,,,2000.00,,
WAHI,2025-12-24 07:30,FEW,,,2000.00,,
WAHI,2025-12-24 08:30,FEW,,,2000.00,,
WAHI,2025-12-24 09:30,FEW,,,2000.00,,
WAHI,2025-12-24 10:30,FEW,SCT,,1700.00,1900.00,
WAHI,2025-12-24 11:30,FEW,BKN,,1300.00,1500.00,
WAHI,2025-12-24 12:30,BKN,,,1500.00,,
WAHI,2025-12-24 13:30,SCT,,,1500.00,,
WAHI,2025-12-24 14:30,SCT,,,1600.00,,
WAHI,2025-12-24 15:30,SCT,,,1700.00,,
WAHI,2025-12-24 16:30,SCT,,,1800.00,,
WAHI,2025-12-24 17:30,FEW,,,2000.00,,
WAHI,2025-12-24 18:30,FEW,,,2000.00,,
WAHI,2025-12-24 19:30,SCT,,,1800.00,,
WAHI,2025-12-24 20:30,FEW,SCT,,1600.00,1800.00,
WAHI,2025-12-24 22:30,SCT,,,1700.00,,
WAHI,2025-12-24 23:30,FEW,,,1800.00,,
WAHI,2025-12-25 00:30,FEW,,,2000.00,,
WAHI,2025-12-25 01:30,FEW,,,1800.00,,
WAHI,2025-12-25 02:30,FEW,,,2000.00,,
WAHI,2025-12-25 03:30,FEW,,,2000.00,,
WAHI,2025-12-25 04:30,FEW,,,2000.00,,
WAHI,2025-12-25 05:30,FEW,,,2000.00,,
WAHI,2025-12-25 06:30,FEW,,,2000.00,,
WAHI,2025-12-25 07:30,FEW,,,2000.00,,
WAHI,2025-12-25 08:30,SCT,,,2000.00,,
WAHI,2025-12-25 09:30,FEW,,,2000.00,,
WAHI,2025-12-25 10:30,SCT,,,1800.00,,
WAHI,2025-12-25 11:30,SCT,,,1800.00,,
WAHI,2025-12-25 12:30,SCT,,,2000.00,,
WAHI,2025-12-25 13:30,FEW,,,2000.00,,
WAHI,2025-12-25 14:30,SCT,,,1900.00,,
WAHI,2025-12-25 15:30,SCT,,,2000.00,,
WAHI,2025-12-25 16:30,BKN,,,1800.00,,
WAHI,2025-12-25 17:30,BKN,,,1800.00,,
WAHI,2025-12-25 18:30,SCT,,,2000.00,,
WAHI,2025-12-25 19:30,BKN,,,2000.00,,
WAHI,2025-12-25 20:30,FEW,,,2000.00,,
WAHI,2025-12-25 22:30,SCT,,,1800.00,,
WAHI,2025-12-25 23:30,SCT,,,1800.00,,
WAHI,2025-12-26 00:30,SCT,,,1900.00,,
WAHI,2025-12-26 01:30,SCT,,,1800.00,,
WAHI,2025-12-26 02:30,FEW,,,1900.00,,
WAHI,2025-12-26 03:30,FEW,,,1700.00,,
WAHI,2025-12-26 04:30,SCT,,,2000.00,,
WAHI,2025-12-26 05:30,SCT,,,1600.00,,
WAHI,2025-12-26 06:30,SCT,,,1700.00,,
WAHI,2025-12-26 07:30,BKN,,,1800.00,,
WAHI,2025-12-26 08:30,BKN,,,1600.00,,
WAHI,2025-12-26 09:30,SCT,,,1700.00,,
WAHI,2025-12-26 10:30,BKN,,,1600.00,,
WAHI,2025-12-26 11:30,BKN,,,1800.00,,
WAHI,2025-12-26 12:30,SCT,,,1800.00,,
WAHI,2025-12-26 13:30,SCT,,,1800.00,,
WAHI,2025-12-26 14:30,FEW,BKN,,1600.00,1700.00,
WAHI,2025-12-26 15:30,BKN,,,1600.00,,
WAHI,2025-12-26 16:30,FEW,BKN,,1500.00,1600.00,
WAHI,2025-12-26 17:30,FEW,BKN,,1500.00,1600.00,
WAHI,2025-12-26 18:30,BKN,,,1500.00,,
WAHI,2025-12-26 19:30,SCT,,,1700.00,,
WAHI,2025-12-26 20:30,FEW,BKN,,1400.00,1500.00,
WAHI,2025-12-26 22:30,BKN,,,1500.00,,
WAHI,2025-12-26 23:30,FEW,BKN,,1300.00,1400.00,
WAHI,2025-12-27 00:30,BKN,,,1600.00,,
WAHI,2025-12-27 01:30,BKN,,,1700.00,,
WAHI,2025-12-27 02:30,SCT,,,1700.00,,
WAHI,2025-12-27 03:30,FEW,,,1800.00,,
WAHI,2025-12-27 04:30,FEW,,,2000.00,,
WAHI,2025-12-27 05:30,FEW,,,2000.00,,
WAHI,2025-12-27 06:30,FEW,,,2000.00,,
WAHI,2025-12-27 07:30,SCT,,,1800.00,,
WAHI,2025-12-27 08:30,FEW,,,1800.00,,
WAHI,2025-12-27 09:30,FEW,,,1800.00,,
WAHI,2025-12-27 10:30,SCT,,,1800.00,,
WAHI,2025-12-27 11:30,SCT,,,1800.00,,
WAHI,2025-12-27 12:30,BKN,,,1500.00,,
WAHI,2025-12-27 13:30,SCT,,,1700.00,,
WAHI,2025-12-27 14:30,BKN,,,1500.00,,
WAHI,2025-12-27 15:30,SCT,,,1800.00,,
WAHI,2025-12-27 16:30,SCT,,,1800.00,,
WAHI,2025-12-27 17:30,SCT,,,1800.00,,
WAHI,2025-12-27 18:30,SCT,,,1800.00,,
WAHI,2025-12-27 19:30,SCT,,,1800.00,,
WAHI,2025-12-27 20:30,SCT,,,1700.00,,
WAHI,2025-12-27 22:30,FEW,,,1800.00,,
WAHI,2025-12-27 23:30,FEW,,,1800.00,,
WAHI,2025-12-28 00:30,FEW,,,1800.00,,
WAHI,2025-12-28 01:30,FEW,,,2000.00,,
WAHI,2025-12-28 02:30,SCT,,,1800.00,,
WAHI,2025-12-28 03:30,FEW,,,2000.00,,
WAHI,2025-12-28 04:30,FEW,,,2000.00,,
WAHI,2025-12-28 05:30,FEW,,,2000.00,,
WAHI,2025-12-28 06:30,FEW,,,2000.00,,
WAHI,2025-12-28 07:30,FEW,,,2000.00,,
WAHI,2025-12-28 08:30,FEW,,,2000.00,,
WAHI,2025-12-28 09:30,FEW,,,2000.00,,
WAHI,2025-12-28 10:30,FEW,,,1800.00,,
WAHI,2025-12-28 11:30,SCT,,,1900.00,,
WAHI,2025-12-28 12:30,SCT,,,1800.00,,
WAHI,2025-12-28 13:30,BKN,,,1800.00,,
WAHI,2025-12-28 14:30,SCT,,,1800.00,,
WAHI,2025-12-28 15:30,SCT,,,1800.00,,
WAHI,2025-12-28 16:30,SCT,,,1800.00,,
WAHI,2025-12-28 17:30,SCT,,,1800.00,,
WAHI,2025-12-28 18:30,SCT,,,1800.00,,
WAHI,2025-12-28 19:30,SCT,,,1800.00,,
WAHI,2025-12-28 20:30,SCT,,,1800.00,,
WAHI,2025-12-28 22:30,SCT,,,1800.00,,
WAHI,2025-12-28 23:30,BKN,,,1800.00,,
WAHI,2025-12-29 00:30,SCT,,,1900.00,,
WAHI,2025-12-29 01:30,SCT,,,1800.00,,
WAHI,2025-12-29 02:30,FEW,,,1800.00,,
WAHI,2025-12-29 03:30,FEW,,,1800.00,,
WAHI,2025-12-29 04:30,FEW,,,1800.00,,
WAHI,2025-12-29 05:30,SCT,,,1800.00,,
WAHI,2025-12-29 06:30,FEW,,,1800.00,,
WAHI,2025-12-29 07:30,FEW,,,1800.00,,
WAHI,2025-12-29 08:30,FEW,,,1800.00,,
WAHI,2025-12-29 09:30,FEW,,,1800.00,,
WAHI,2025-12-29 10:30,SCT,,,1800.00,,
WAHI,2025-12-29 11:30,SCT,,,1800.00,,
WAHI,2025-12-29 12:30,SCT,,,1800.00,,
WAHI,2025-12-29 13:30,SCT,,,1800.00,,
WAHI,2025-12-29 14:30,FEW,,,2000.00,,
WAHI,2025-12-29 15:30,FEW,,,2000.00,,
WAHI,2025-12-29 16:30,FEW,,,2000.00,,
WAHI,2025-12-29 17:30,FEW,,,1700.00,,
WAHI,2025-12-29 18:30,FEW,,,2000.00,,
WAHI,2025-12-29 19:30,SCT,,,1800.00,,
WAHI,2025-12-29 20:30,SCT,,,1800.00,,
WAHI,2025-12-29 22:30,SCT,,,1800.00,,
WAHI,2025-12-29 23:30,SCT,,,1800.00,,
WAHI,2025-12-30 00:30,SCT,,,1800.00,,
WAHI,2025-12-30 01:30,FEW,,,2000.00,,
WAHI,2025-12-30 02:30,SCT,,,2000.00,,
WAHI,2025-12-30 03:30,FEW,,,2000.00,,
WAHI,2025-12-30 04:30,FEW,,,2000.00,,
WAHI,2025-12-30 05:30,FEW,,,2000.00,,
WAHI,2025-12-30 06:30,FEW,,,2000.00,,
WAHI,2025-12-30 07:30,FEW,,,2000.00,,
WAHI,2025-12-30 08:30,SCT,,,1900.00,,
WAHI,2025-12-30 09:30,SCT,,,1900.00,,
WAHI,2025-12-30 10:30,SCT,,,2000.00,,
WAHI,2025-12-30 11:30,SCT,,,1800.00,,
WAHI,2025-12-30 12:30,FEW,BKN,,1300.00,1500.00,
WAHI,2025-12-30 13:30,FEW,SCT,,1300.00,1500.00,
WAHI,2025-12-30 14:30,FEW,BKN,,1300.00,1500.00,
WAHI,2025-12-30 15:30,BKN,,,1500.00,,
WAHI,2025-12-30 16:30,BKN,,,1800.00,,
WAHI,2025-12-30 17:30,SCT,,,1500.00,,
WAHI,2025-12-30 18:30,SCT,,,1800.00,,
WAHI,2025-12-30 19:30,SCT,,,1800.00,,
WAHI,2025-12-30 20:30,SCT,,,1800.00,,
WAHI,2025-12-30 22:30,SCT,,,1800.00,,
WAHI,2025-12-30 23:30,SCT,,,1800.00,,
WAHI,2025-12-31 00:30,FEW,,,1800.00,,
WAHI,2025-12-31 01:30,FEW,,,1800.00,,
WAHI,2025-12-31 02:30,FEW,,,2000.00,,
WAHI,2025-12-31 03:30,FEW,,,1800.00,,
WAHI,2025-12-31 04:30,FEW,,,1900.00,,
WAHI,2025-12-31 05:30,FEW,,,1800.00,,
WAHI,2025-12-31 06:30,FEW,,,1800.00,,
WAHI,2025-12-31 07:30,FEW,,,1800.00,,
WAHI,2025-12-31 08:30,FEW,BKN,,1400.00,1500.00,
WAHI,2025-12-31 09:30,SCT,,,1700.00,,
WAHI,2025-12-31 10:30,SCT,,,1600.00,,
WAHI,2025-12-31 11:30,SCT,,,1700.00,,
WAHI,2025-12-31 12:30,SCT,,,1900.00,,
WAHI,2025-12-31 13:30,FEW,,,1900.00,,
WAHI,2025-12-31 14:30,FEW,,,2000.00,,
WAHI,2025-12-31 15:30,SCT,,,1900.00,,
WAHI,2025-12-31 16:30,SCT,,,1700.00,,
WAHI,2025-12-31 17:30,FEW,,,2000.00,,
WAHI,2025-12-31 18:30,SCT,,,1900.00,,
WAHI,2025-12-31 19:30,SCT,,,1900.00,,
WAHI,2025-12-31 20:30,SCT,,,1900.00,,
WAHI,2025-12-31 22:30,FEW,,,2000.00,,
WAHI,2025-12-31 23:30,FEW,,,1900.00,,
